0 0.263298 0.410130 0.066489 0.089870
0 0.452793 0.412322 0.070479 0.116174
0 0.676197 0.411226 0.062500 0.113982
0 0.752660 0.419994 0.066489 0.096446
0 0.887633 0.405746 0.065160 0.076718
3 0.102394 0.392594 0.055851 0.124942
3 0.196144 0.458353 0.073138 0.133709
3 0.321144 0.410130 0.070479 0.129325
2 0.204787 0.706044 0.159574 0.339753
2 0.372340 0.641381 0.119681 0.429624
2 0.630984 0.592062 0.150266 0.278379
2 0.777261 0.704948 0.168883 0.420856
2 0.097074 0.560279 0.106383 0.263035
2 0.459441 0.580006 0.105053 0.188508
2 0.875665 0.593158 0.121011 0.236731