2 0.065603 0.478280 0.072695 0.123670
2 0.142287 0.480940 0.064716 0.121011
2 0.206117 0.484264 0.043440 0.109043
2 0.269504 0.484264 0.076241 0.138298
2 0.380762 0.495567 0.093085 0.166223
2 0.433067 0.478280 0.059397 0.131649
2 0.519504 0.476285 0.090426 0.138298
2 0.617021 0.480940 0.060284 0.126330
2 0.677305 0.476950 0.046099 0.118351
2 0.753546 0.497562 0.065603 0.148936
2 0.806738 0.474956 0.053191 0.132979
0 0.062943 0.381206 0.028369 0.041223
0 0.143127 0.393862 0.028695 0.039894
0 0.264208 0.388613 0.037094 0.041993
0 0.378639 0.358168 0.037794 0.044093
0 0.206467 0.410659 0.019597 0.029395
0 0.438830 0.371291 0.030795 0.038844
0 0.513368 0.360267 0.035694 0.041993
0 0.617301 0.390712 0.030795 0.037794
0 0.683791 0.388613 0.025196 0.033595
0 0.758679 0.376015 0.040594 0.044093
0 0.816419 0.372865 0.028695 0.037794
0 0.570059 0.399111 0.023096 0.031495