3 0.424507 0.617647 0.070816 0.098039
3 0.705768 0.603387 0.061463 0.090909
3 0.083788 0.553476 0.049438 0.069519
3 0.174901 0.545079 0.034459 0.033774
3 0.222722 0.525847 0.023207 0.032836
3 0.037060 0.555258 0.029395 0.042187
0 0.504008 0.538324 0.048102 0.060606
0 0.602398 0.538278 0.051336 0.052069
0 0.660591 0.537105 0.045359 0.045971
0 0.722476 0.535698 0.043249 0.045971
0 0.808095 0.529365 0.042898 0.039872
0 0.871211 0.521156 0.043249 0.039403
0 0.897231 0.563843 0.050282 0.038465
0 0.981619 0.498874 0.035514 0.039872
3 0.509240 0.612002 0.053041 0.071301
3 0.811090 0.614433 0.059115 0.069681
0 0.739626 0.643332 0.077335 0.090747
2 0.075800 0.656566 0.091506 0.123697
2 0.162042 0.615513 0.048587 0.090207
2 0.220955 0.594177 0.050612 0.091827
2 0.274806 0.570140 0.039275 0.080484
2 0.317522 0.563928 0.034821 0.068060
2 0.359429 0.551504 0.036036 0.058337
2 0.433322 0.511532 0.029962 0.044293
2 0.421580 0.841301 0.168436 0.309512
2 0.772827 0.855075 0.185847 0.284125
2 0.858260 0.738940 0.116205 0.210663
2 0.937214 0.724626 0.124303 0.163669
1 0.599228 0.669043 0.095312 0.178253