2 0.051197 0.386232 0.073138 0.181629
0 0.029255 0.230550 0.050532 0.061874
0 0.293883 0.255499 0.058511 0.071853
0 0.359707 0.277454 0.049202 0.067862
0 0.715426 0.267474 0.047872 0.059878
0 0.765957 0.265478 0.050532 0.051894
0 0.437500 0.452098 0.058511 0.065866
0 0.359707 0.523951 0.062500 0.077841
2 0.154255 0.429145 0.071809 0.151691
2 0.280585 0.420163 0.071809 0.181629
2 0.503989 0.402200 0.061170 0.157678
2 0.631649 0.502994 0.069149 0.195601
2 0.738697 0.453096 0.070479 0.219552
2 0.869016 0.424155 0.097074 0.193605
3 0.624335 0.344318 0.054521 0.089817
3 0.145612 0.313381 0.054521 0.059878
3 0.860372 0.279450 0.039894 0.071853