3 0.193850 0.247772 0.082888 0.081996
3 0.296123 0.252228 0.073529 0.058824
3 0.413770 0.295900 0.054813 0.057041
3 0.503342 0.283422 0.065508 0.071301
3 0.723930 0.264706 0.062834 0.058824
3 0.805481 0.262923 0.068182 0.062389
3 0.939171 0.188057 0.076203 0.065954
2 0.178476 0.607843 0.145722 0.488414
3 0.296791 0.516934 0.122995 0.356506
2 0.415775 0.470588 0.090909 0.199643
2 0.497995 0.457219 0.089572 0.201426
2 0.715909 0.456328 0.113636 0.256684
2 0.802139 0.557932 0.106952 0.377897
2 0.927139 0.396613 0.140374 0.215686