2 0.148271 0.582779 0.105053 0.279255
0 0.152261 0.374335 0.062500 0.069814
0 0.211519 0.440284 0.029089 0.037400
0 0.255984 0.422207 0.036569 0.036154
0 0.305020 0.439661 0.033245 0.036154
0 0.333278 0.403507 0.029920 0.036154
0 0.372340 0.392911 0.033245 0.042387
0 0.440908 0.393534 0.039062 0.053607
0 0.500332 0.434674 0.033245 0.041140
0 0.564328 0.374834 0.044880 0.056100
0 0.619598 0.384184 0.049036 0.067320
0 0.696476 0.366730 0.059840 0.059840
0 0.786237 0.367354 0.059840 0.076047
0 0.850233 0.394157 0.046543 0.052360
0 0.907995 0.373587 0.054023 0.061087
0 0.969082 0.405377 0.043218 0.062334
2 0.212350 0.546875 0.054023 0.138381
2 0.258477 0.546875 0.063165 0.160821
2 0.331200 0.598612 0.063996 0.261802
2 0.371925 0.585522 0.072307 0.290475
2 0.449219 0.544382 0.108876 0.185755
2 0.561004 0.551238 0.064827 0.226895
2 0.613780 0.582405 0.085605 0.244348
2 0.719747 0.581159 0.118019 0.274269
2 0.804521 0.584899 0.098072 0.256815
2 0.924618 0.568692 0.102227 0.234375