1 0.083643 0.145276 0.066396 0.122995
1 0.333319 0.144385 0.076078 0.114082
1 0.590602 0.145276 0.073312 0.126560
1 0.855494 0.156863 0.082995 0.124777
1 0.213668 0.649733 0.080228 0.122995
1 0.464036 0.650624 0.069162 0.124777
1 0.695037 0.648841 0.069162 0.114082
3 0.082952 0.045455 0.031815 0.058824
3 0.212285 0.557932 0.052563 0.049911
3 0.337469 0.049911 0.037348 0.057041
3 0.597519 0.057932 0.040114 0.058824
3 0.842353 0.064171 0.048414 0.057041
3 0.468877 0.557041 0.034581 0.051693
3 0.673597 0.573084 0.045647 0.062389