3 0.332447 0.486506 0.039007 0.063192
0 0.399379 0.509173 0.034574 0.048081
0 0.465869 0.489254 0.039894 0.052202
0 0.581560 0.481011 0.037234 0.060445
0 0.674645 0.503678 0.031915 0.045334
0 0.745124 0.486506 0.032801 0.054950
0 0.153369 0.467961 0.035461 0.050829
3 0.296099 0.495435 0.031915 0.061819
3 0.264184 0.518102 0.028369 0.049455
2 0.136968 0.562062 0.103723 0.142870
2 0.252216 0.614951 0.082447 0.155233
2 0.350177 0.603275 0.074468 0.189577
2 0.476950 0.575113 0.078014 0.103031
2 0.577571 0.612204 0.094858 0.193698
2 0.690603 0.625941 0.078014 0.168971
2 0.753989 0.564810 0.077128 0.093415
2 0.883422 0.560688 0.077128 0.052202
3 0.878989 0.505052 0.038121 0.045334