0 0.389273 0.485478 0.047185 0.058719
0 0.612745 0.383244 0.038834 0.056871
3 0.538897 0.443511 0.038834 0.046685
3 0.508021 0.656141 0.042017 0.054325
1 0.384836 0.566166 0.164884 0.203718
1 0.594283 0.492318 0.089763 0.157881
2 0.516616 0.494440 0.078304 0.109498
2 0.491469 0.738053 0.061115 0.167218
2 0.660810 0.892963 0.067482 0.162974
2 0.745321 0.108734 0.086898 0.185383
2 0.341578 0.062389 0.057487 0.106952
2 0.351604 0.230838 0.106952 0.147950
2 0.443182 0.187166 0.092246 0.131907
0 0.415107 0.191622 0.046791 0.062389