0 0.467193 0.254902 0.148560 0.135472
0 0.323560 0.057670 0.089011 0.056622
0 0.394769 0.094369 0.045190 0.025165
0 0.723426 0.086505 0.061623 0.038796
0 0.440593 0.117944 0.018624 0.010101
2 0.438653 0.142305 0.030264 0.027926
2 0.483661 0.158645 0.036472 0.032086
2 0.529832 0.160131 0.032592 0.027926
2 0.564364 0.155080 0.027160 0.027332
2 0.615968 0.152704 0.038800 0.026144
2 0.663304 0.171717 0.035696 0.027332
2 0.752543 0.174688 0.096223 0.109329
2 0.386273 0.144682 0.062080 0.055258
2 0.270262 0.170826 0.128039 0.166964
2 0.650112 0.263518 0.209519 0.150327