3 0.152261 0.363228 0.049202 0.087854
0 0.539894 0.320299 0.055851 0.061897
0 0.901596 0.369218 0.063830 0.063894
0 0.778590 0.316306 0.057181 0.065890
0 0.672207 0.303327 0.054521 0.075874
0 0.357713 0.323294 0.058511 0.063894
0 0.094415 0.333277 0.061170 0.071880
0 0.219415 0.345257 0.061170 0.071880
0 0.312500 0.322296 0.042553 0.049917
2 0.090426 0.502995 0.114362 0.239601
2 0.229388 0.539934 0.107713 0.305492
2 0.373005 0.546922 0.083777 0.339435
2 0.523271 0.529950 0.139628 0.269551
2 0.660904 0.533944 0.162234 0.277538
2 0.785904 0.484027 0.117021 0.249585
2 0.890293 0.576872 0.083777 0.331448
0 0.607713 0.321297 0.063830 0.055907