0 0.312500 0.712434 0.122340 0.127660
0 0.733378 0.617686 0.115691 0.109707
0 0.658245 0.538896 0.093085 0.151596
0 0.809840 0.306516 0.050532 0.081782
0 0.779920 0.211769 0.051862 0.063830
0 0.656680 0.254811 0.041458 0.049280
0 0.644165 0.173850 0.039894 0.044587
0 0.625782 0.261264 0.039111 0.062187
3 0.730210 0.159183 0.041458 0.078614
3 0.389549 0.152730 0.028160 0.044587
3 0.095432 0.187930 0.034418 0.049280
3 0.072356 0.281211 0.035200 0.069227
3 0.037938 0.034222 0.017991 0.042240
3 0.171699 0.106383 0.024249 0.041067
3 0.212766 0.068836 0.014080 0.029334
1 0.521355 0.082329 0.030507 0.063360
1 0.587844 0.074703 0.028942 0.066880
2 0.633213 0.077636 0.030507 0.068054
2 0.418883 0.070596 0.027378 0.061014
2 0.351611 0.081156 0.032071 0.056320
2 0.320322 0.085263 0.027378 0.057494
2 0.279255 0.091130 0.042240 0.059840
2 0.214722 0.116943 0.025814 0.057494
2 0.176392 0.165050 0.044587 0.071574
2 0.032854 0.102276 0.039111 0.089174
2 0.062969 0.376838 0.060232 0.124374
2 0.100125 0.265957 0.059449 0.085654
2 0.083698 0.099930 0.034418 0.082134
2 0.345745 0.915060 0.183511 0.169880
2 0.652926 0.408245 0.114362 0.181516
1 0.773936 0.430186 0.114362 0.185505