2 0.280924 0.652406 0.084415 0.263815
2 0.401516 0.610517 0.124612 0.244207
2 0.961037 0.560606 0.077926 0.258467
0 0.282264 0.464349 0.052257 0.058824
0 0.406876 0.408200 0.062976 0.074866
0 0.041079 0.317291 0.041537 0.074866
0 0.964387 0.357398 0.071226 0.065954
0 0.084145 0.309107 0.040197 0.072111
0 0.034508 0.422136 0.037152 0.063199
0 0.038466 0.526657 0.041416 0.068060
0 0.039989 0.628342 0.040807 0.067250
0 0.080491 0.422946 0.036543 0.069681
0 0.207174 0.305866 0.040197 0.075352
0 0.162409 0.420920 0.038370 0.072111
0 0.084754 0.526657 0.040197 0.063199
0 0.080796 0.625101 0.038370 0.062389
0 0.042121 0.714876 0.041416 0.060444
0 0.117339 0.423351 0.042025 0.072111
0 0.125865 0.306271 0.032280 0.064819
0 0.165454 0.307487 0.037152 0.068871
0 0.253767 0.306676 0.040807 0.073732
0 0.299141 0.300600 0.040197 0.074542
0 0.205956 0.419705 0.036543 0.071301
0 0.246153 0.412818 0.030453 0.062389
0 0.289092 0.412008 0.042025 0.068871
0 0.330812 0.411603 0.041416 0.072922
0 0.124647 0.524631 0.029844 0.059148
0 0.163322 0.519770 0.038979 0.070491
0 0.206260 0.518960 0.037152 0.072111
0 0.084450 0.716253 0.027407 0.046994
0 0.124952 0.629152 0.038979 0.067250
0 0.204433 0.632799 0.043243 0.069681
0 0.164845 0.629963 0.028625 0.059148
0 0.123125 0.718684 0.035325 0.053476
0 0.163931 0.728569 0.035325 0.065143
0 0.205831 0.729784 0.036293 0.062713
0 0.475766 0.401070 0.041416 0.071301
0 0.462063 0.478448 0.043243 0.041322
0 0.524186 0.400664 0.040807 0.073732
0 0.525709 0.635634 0.038979 0.068871
0 0.529667 0.747448 0.040807 0.072111
0 0.581132 0.749068 0.045070 0.073732
0 0.576260 0.637255 0.042634 0.080214
0 0.577174 0.515719 0.043243 0.076973
0 0.525100 0.514503 0.040197 0.061578
0 0.632597 0.637255 0.044461 0.076973
0 0.688021 0.636445 0.048115 0.073732
0 0.687412 0.757576 0.046897 0.076163
0 0.633815 0.753930 0.040807 0.070491
0 0.746490 0.757981 0.046897 0.076973
0 0.746186 0.637660 0.049942 0.076163
0 0.802523 0.756766 0.050551 0.077783
0 0.631988 0.517339 0.046897 0.078593
0 0.684671 0.513288 0.046288 0.080214
0 0.744054 0.512478 0.045679 0.075352
0 0.805264 0.514503 0.048724 0.087506
0 0.577174 0.396613 0.043243 0.073732
0 0.631684 0.394588 0.045070 0.077783
0 0.686803 0.394182 0.048115 0.081834
0 0.746490 0.385675 0.050551 0.084265
0 0.805873 0.387295 0.052379 0.076163
0 0.552202 0.283179 0.044461 0.085075
0 0.606408 0.277103 0.043243 0.076163
0 0.661832 0.273051 0.049333 0.084265
0 0.717560 0.265759 0.052379 0.085886
0 0.782120 0.254011 0.049942 0.080214
0 0.843939 0.244693 0.052988 0.089127
0 0.910935 0.241452 0.050551 0.081024
0 0.864647 0.385270 0.050551 0.089937
0 0.926770 0.379193 0.054206 0.089127
0 0.860688 0.516934 0.046288 0.079404
0 0.924638 0.514503 0.040197 0.087506
0 0.804350 0.641306 0.049333 0.075352
0 0.865256 0.640091 0.049333 0.081024
0 0.863124 0.767704 0.051160 0.085075
0 0.927988 0.764463 0.048115 0.070491
0 0.923420 0.644952 0.043852 0.068060