0 0.030080 0.344029 0.060160 0.071301
0 0.221925 0.307487 0.056150 0.051693
0 0.342246 0.315508 0.045455 0.039216
0 0.714572 0.335116 0.073529 0.067736
0 0.853610 0.319964 0.060160 0.051693
0 0.544786 0.326203 0.044118 0.053476
0 0.422460 0.316399 0.037433 0.033868
2 0.056150 0.502674 0.104278 0.153298
2 0.209225 0.439394 0.097594 0.133690
2 0.337567 0.412656 0.081551 0.105169
2 0.425802 0.418895 0.068182 0.135472
2 0.543449 0.434046 0.065508 0.130125
2 0.627005 0.392157 0.042781 0.114082
2 0.701872 0.501783 0.157754 0.201426
2 0.846257 0.473262 0.133690 0.183601