0 0.456551 0.296791 0.060160 0.098039
0 0.616979 0.278966 0.057487 0.083779
0 0.935829 0.128342 0.088235 0.089127
0 0.286096 0.704100 0.072193 0.085561
0 0.252674 0.599822 0.048128 0.055258
0 0.367647 0.463458 0.061497 0.071301
0 0.340241 0.521390 0.070856 0.065954
0 0.404412 0.762923 0.057487 0.106952
0 0.522727 0.885027 0.085561 0.101604
0 0.637032 0.880570 0.084225 0.089127
0 0.572861 0.814617 0.065508 0.089127
0 0.483957 0.765597 0.069519 0.065954
0 0.815508 0.770945 0.077540 0.080214
0 0.799465 0.707665 0.058824 0.064171
0 0.758690 0.514260 0.041444 0.044563
0 0.578209 0.536542 0.028075 0.039216
0 0.544118 0.577540 0.061497 0.053476
0 0.411293 0.608682 0.037748 0.066059
0 0.486002 0.660585 0.058194 0.058719
0 0.480890 0.606585 0.051117 0.042990
0 0.685357 0.711440 0.057408 0.074447
0 0.724678 0.678410 0.055835 0.060816
0 0.382982 0.695711 0.059767 0.045088
0 0.436458 0.676313 0.044039 0.050330
0 0.557958 0.682080 0.043253 0.059767
0 0.595313 0.523225 0.040893 0.044039
0 0.333831 0.765440 0.054262 0.083884
0 0.078248 0.131068 0.029097 0.029359
0 0.253617 0.150467 0.022806 0.026214
0 0.204860 0.137360 0.024379 0.025165
0 0.281142 0.151515 0.016515 0.024117
0 0.600031 0.740275 0.056622 0.079690
0 0.641318 0.817343 0.062126 0.072350
0 0.540264 0.748139 0.056622 0.057670
0 0.436851 0.828353 0.066845 0.062913
0 0.610648 0.590332 0.055835 0.037748
0 0.550094 0.631226 0.030670 0.033554
0 0.486002 0.714061 0.053476 0.041942
0 0.642104 0.682605 0.044825 0.062913
0 0.594920 0.634371 0.041680 0.039845
0 0.606323 0.682605 0.051903 0.048233
0 0.505269 0.814197 0.065272 0.072350
0 0.436065 0.557827 0.038534 0.052427
0 0.011141 0.144385 0.019608 0.023767
0 0.107175 0.142900 0.016488 0.027926
0 0.155080 0.137849 0.021390 0.020202
0 0.126337 0.150921 0.014706 0.028520
0 0.025624 0.118538 0.029857 0.025550
0 0.248886 0.125966 0.015597 0.013072
3 0.053030 0.117647 0.021390 0.038027
1 0.024510 0.244801 0.045455 0.108140
1 0.080660 0.228164 0.056150 0.101010
2 0.182932 0.210339 0.035205 0.071301
2 0.211453 0.208556 0.045900 0.079620
2 0.260027 0.219251 0.059269 0.084373
0 0.181818 0.141711 0.017825 0.021985
2 0.318850 0.191622 0.033422 0.065954
2 0.563948 0.205882 0.044118 0.089721
2 0.512923 0.210636 0.034759 0.089721
1 0.471702 0.199941 0.033422 0.067142
1 0.605615 0.198752 0.029412 0.062389
1 0.638146 0.204694 0.025847 0.062389
1 0.675357 0.199346 0.027184 0.065954
1 0.713904 0.194296 0.029412 0.067736
1 0.443850 0.201129 0.032086 0.067142
1 0.770722 0.206774 0.028075 0.071301
1 0.818850 0.195187 0.020053 0.051693
1 0.684492 0.365419 0.109626 0.192513
1 0.933155 0.337790 0.128342 0.247772
1 0.417781 0.324421 0.073529 0.146168