1 0.131649 0.842274 0.122340 0.231480
1 0.335771 0.884811 0.121011 0.225545
1 0.712766 0.841285 0.119681 0.205760
1 0.863697 0.806662 0.113032 0.191911
1 0.229388 0.730491 0.089096 0.158277
1 0.405585 0.740383 0.079787 0.170148
1 0.037234 0.697846 0.055851 0.140471
0 0.151596 0.679051 0.069149 0.071225
0 0.709441 0.676083 0.059840 0.073203
0 0.236702 0.603869 0.047872 0.035612
0 0.632314 0.609805 0.046543 0.047483
0 0.841090 0.649374 0.067819 0.047483
0 0.300532 0.564300 0.039894 0.043526
0 0.144282 0.603869 0.046543 0.043526
0 0.071144 0.584085 0.043883 0.035612
0 0.408910 0.613762 0.038564 0.043526
0 0.736702 0.582106 0.039894 0.039569
0 0.970745 0.591999 0.037234 0.039569
0 0.144282 0.551440 0.027926 0.037591
0 0.437500 0.562322 0.034574 0.035612