2 0.169118 0.292335 0.159091 0.267380
2 0.500668 0.174688 0.086898 0.139037
2 0.122326 0.721925 0.148396 0.217469
2 0.544118 0.754902 0.227273 0.137255
2 0.826203 0.706774 0.254011 0.108734
2 0.717914 0.270053 0.072193 0.133690
2 0.800802 0.261141 0.077540 0.165775
2 0.875000 0.271836 0.049465 0.140820
2 0.951872 0.276292 0.066845 0.153298
0 0.120321 0.073975 0.072193 0.076649
0 0.505348 0.053476 0.034759 0.060606
0 0.135027 0.504456 0.080214 0.096257
0 0.179144 0.907308 0.037433 0.064171
0 0.504011 0.918004 0.056150 0.071301
0 0.824198 0.922460 0.054813 0.069519
0 0.516711 0.558824 0.156417 0.147950
0 0.844920 0.553476 0.098930 0.098039
0 0.716648 0.154330 0.038700 0.042218
0 0.811286 0.127123 0.037996 0.042218
0 0.862299 0.160897 0.034478 0.047847
0 0.948846 0.156206 0.038700 0.047847