2 0.051471 0.506239 0.094920 0.174688
2 0.213235 0.438503 0.100267 0.153298
2 0.337567 0.414439 0.084225 0.115865
2 0.423797 0.421569 0.064171 0.130125
2 0.543449 0.437611 0.065508 0.133690
2 0.627674 0.390374 0.046791 0.110517
2 0.700535 0.511586 0.157754 0.206774
2 0.847594 0.488414 0.128342 0.206774
0 0.029412 0.344920 0.058824 0.090909
0 0.219920 0.313725 0.062834 0.064171
0 0.340909 0.315508 0.042781 0.049911
0 0.419786 0.310160 0.040107 0.049911
0 0.545455 0.326203 0.040107 0.046346
0 0.719251 0.346702 0.066845 0.083779
0 0.850936 0.324421 0.057487 0.074866
0 0.090241 0.344920 0.033422 0.069519