0 0.109707 0.110040 0.208777 0.207447
0 0.458777 0.208777 0.135638 0.117686
0 0.600399 0.185838 0.094415 0.131649
0 0.781915 0.179854 0.125000 0.171543
0 0.884973 0.180851 0.089096 0.093750
0 0.661569 0.589761 0.115691 0.205452
0 0.327128 0.295545 0.026596 0.039894
2 0.101064 0.687666 0.202128 0.624668
2 0.440160 0.605718 0.218085 0.472739
2 0.805851 0.507979 0.210106 0.353059
2 0.625000 0.478059 0.175532 0.337101
2 0.311170 0.369348 0.061170 0.099734
2 0.218085 0.680519 0.159574 0.514628
3 0.212766 0.282580 0.077128 0.181516