0 0.178856 0.344318 0.073138 0.077841
3 0.085106 0.320366 0.045213 0.081833
3 0.405585 0.375254 0.047872 0.091813
3 0.528590 0.363279 0.083777 0.127739
3 0.603723 0.380244 0.042553 0.093809
3 0.666888 0.375254 0.043883 0.071853
3 0.736702 0.331344 0.053191 0.107780
3 0.812500 0.323360 0.061170 0.111772
3 0.892952 0.396212 0.059840 0.085825
3 0.970745 0.332342 0.058510 0.125743
2 0.061835 0.484033 0.107713 0.269450
2 0.180851 0.568860 0.082447 0.251487
2 0.398271 0.522953 0.078457 0.175642
2 0.533910 0.578839 0.121011 0.283422
2 0.714096 0.479043 0.087766 0.187617
2 0.815824 0.515967 0.174202 0.229532