3 0.467420 0.272570 0.110372 0.244462
0 0.061835 0.248524 0.059840 0.080152
0 0.202793 0.213458 0.059840 0.086163
0 0.275931 0.196426 0.115691 0.120227
0 0.377660 0.264555 0.039894 0.044083
0 0.690824 0.270566 0.192819 0.260493
0 0.851729 0.297617 0.067819 0.078148
0 0.947473 0.303629 0.102394 0.122231
2 0.078457 0.409829 0.098404 0.186352
2 0.192154 0.448903 0.105053 0.196371
2 0.293218 0.500000 0.155585 0.334633
2 0.421543 0.595180 0.273936 0.440834
2 0.625000 0.729461 0.401596 0.541078
2 0.924202 0.600189 0.146277 0.326618