0 0.138298 0.372185 0.130319 0.191722
0 0.272606 0.372185 0.087766 0.129751
0 0.413564 0.364439 0.077128 0.094893
0 0.537234 0.361534 0.061170 0.092956
0 0.728059 0.382837 0.057181 0.085210
0 0.771277 0.427378 0.071809 0.104576
0 0.956117 0.333454 0.087766 0.129751
0 0.093528 0.162268 0.045213 0.054224
0 0.133422 0.226821 0.027482 0.038732
2 0.305186 0.268578 0.046543 0.061971
2 0.432846 0.277293 0.041223 0.052288
2 0.497340 0.273420 0.039894 0.075527
2 0.561170 0.281166 0.058511 0.044541
2 0.720080 0.277293 0.046543 0.048415
2 0.791888 0.279229 0.030585 0.060034
2 0.091090 0.726580 0.152926 0.466717
2 0.258644 0.669451 0.147606 0.371824
2 0.402926 0.618132 0.140957 0.315663
2 0.549202 0.597797 0.138298 0.313727
2 0.708777 0.634593 0.074468 0.313727
2 0.775266 0.657832 0.138298 0.244010
2 0.936170 0.615227 0.127660 0.340839