0 0.904502 0.301545 0.075311 0.074272
0 0.749033 0.351555 0.062635 0.077243
0 0.653962 0.298079 0.043994 0.047534
0 0.660673 0.346603 0.045485 0.045554
3 0.831055 0.498614 0.089479 0.145573
3 0.807940 0.344128 0.059653 0.098039
3 0.620780 0.325807 0.052196 0.077243
3 0.547706 0.322836 0.050705 0.085165
3 0.502593 0.342642 0.030572 0.057437
3 0.583124 0.317390 0.029081 0.052486
3 0.323378 0.587425 0.089072 0.163669
3 0.098170 0.467914 0.054526 0.069073
3 0.138436 0.491310 0.057882 0.080214
3 0.203028 0.449532 0.041104 0.061275
3 0.290690 0.344251 0.025166 0.046791
2 0.295723 0.435606 0.073820 0.124777
2 0.143049 0.668449 0.140929 0.267380
2 0.291948 0.702429 0.245787 0.259581
2 0.224000 0.516934 0.091436 0.120321
2 0.486145 0.436720 0.057043 0.158200
2 0.547382 0.459002 0.083886 0.222816
2 0.634204 0.489082 0.119958 0.240642
2 0.741579 0.494652 0.067948 0.173797
2 0.919838 0.456774 0.083886 0.207219
2 0.871820 0.721257 0.128780 0.368538
2 0.072515 0.550802 0.055029 0.096257