2 0.377660 0.627171 0.244681 0.416560
2 0.069814 0.481976 0.128989 0.246331
2 0.547872 0.431908 0.122340 0.210283
2 0.713431 0.650202 0.184840 0.398536
2 0.871676 0.611149 0.192819 0.404544
3 0.054521 0.297728 0.079787 0.114153
0 0.113032 0.152533 0.074468 0.088118
0 0.369681 0.347795 0.077128 0.082110
0 0.393617 0.244657 0.071809 0.072097
0 0.476064 0.167553 0.061170 0.050067
0 0.708777 0.227634 0.071809 0.070094
0 0.728723 0.359812 0.079787 0.086116
0 0.861037 0.283709 0.081117 0.090121
0 0.524601 0.225631 0.078457 0.082110
0 0.767952 0.224630 0.057181 0.068092