3 0.049202 0.531930 0.082447 0.099546
3 0.297872 0.554469 0.050532 0.061982
2 0.058511 0.737596 0.114362 0.281735
2 0.288564 0.657771 0.085106 0.137111
2 0.375665 0.675615 0.070479 0.138989
2 0.469415 0.671858 0.101064 0.225388
2 0.577128 0.680310 0.101064 0.249805
2 0.664229 0.737596 0.126330 0.277978
2 0.899601 0.773283 0.174202 0.319299
3 0.865691 0.550712 0.074468 0.088277
0 0.478059 0.503756 0.062500 0.058225
0 0.666223 0.518782 0.069149 0.073251
0 0.736037 0.535686 0.046543 0.050712
0 0.791223 0.544138 0.042553 0.041321
0 0.920213 0.539443 0.047872 0.054469
0 0.567819 0.501878 0.053191 0.065738