0 0.142166 0.405754 0.065331 0.077381
0 0.329054 0.413165 0.041923 0.039683
0 0.484411 0.410354 0.036445 0.039683
0 0.671359 0.386003 0.047243 0.046898
0 0.588009 0.425234 0.043869 0.040584
0 0.896537 0.364453 0.052358 0.050125
2 0.901617 0.515873 0.103154 0.175439
3 0.774628 0.441207 0.035166 0.042815
0 0.819563 0.439119 0.026570 0.044904
0 0.403041 0.448517 0.043762 0.036550
0 0.551910 0.411967 0.035166 0.030284
0 0.441723 0.437552 0.035166 0.037594
3 0.264330 0.448517 0.038292 0.053258
3 0.030774 0.394033 0.056165 0.103199
2 0.051485 0.587297 0.100396 0.262689