0 0.121411 0.625371 0.051521 0.038622
0 0.218509 0.617944 0.051521 0.029709
1 0.091687 0.698901 0.110969 0.090612
1 0.211573 0.678105 0.081245 0.054961
1 0.121411 0.571153 0.047558 0.037136
1 0.374063 0.545157 0.033687 0.023767
1 0.198693 0.541444 0.019816 0.016340
1 0.413668 0.553575 0.023779 0.016835
1 0.041791 0.588483 0.048879 0.034165
1 0.092652 0.551842 0.026421 0.023272
1 0.020985 0.557289 0.036329 0.025253
1 0.059626 0.555308 0.021137 0.021291
1 0.156063 0.545653 0.021137 0.015845
1 0.239289 0.533769 0.023779 0.021786
2 0.904242 0.528520 0.028535 0.026738