2 0.704863 0.443652 0.165943 0.156467
2 0.325814 0.395623 0.256775 0.181224
2 0.140656 0.395128 0.148475 0.158447
2 0.069039 0.370370 0.127514 0.146564
1 0.905695 0.435558 0.187284 0.184453
1 0.528392 0.406495 0.091592 0.130977
1 0.589909 0.419670 0.072453 0.120127
0 0.943284 0.298079 0.111793 0.064039
0 0.855945 0.299729 0.079187 0.035651
0 0.756379 0.336700 0.089668 0.059418
0 0.640510 0.323496 0.081516 0.055457
0 0.753468 0.282564 0.058226 0.035651
0 0.673699 0.275632 0.054732 0.040272
0 0.552007 0.317555 0.088503 0.044893
0 0.538615 0.286855 0.047745 0.027068
0 0.444289 0.311943 0.075693 0.054796
0 0.313282 0.259457 0.107135 0.083185
0 0.215463 0.273982 0.088503 0.050175
0 0.058835 0.262098 0.089668 0.054136