0 0.451822 0.219838 0.049184 0.029096
0 0.520608 0.190136 0.066292 0.018185
0 0.496551 0.216504 0.052392 0.035764
0 0.618976 0.203471 0.085537 0.047281
0 0.534420 0.238964 0.055424 0.028554
0 0.733383 0.205290 0.124029 0.063042
0 0.872915 0.229840 0.135791 0.066073
0 0.964525 0.248934 0.070950 0.072740
0 0.230315 0.205290 0.088745 0.038795
0 0.157074 0.198622 0.068430 0.035158
0 0.027165 0.203471 0.054330 0.081227
1 0.061201 0.452203 0.118327 0.280455
1 0.140399 0.365535 0.130785 0.188051
1 0.238013 0.338670 0.140262 0.183752
1 0.442720 0.294076 0.117517 0.096712
1 0.696708 0.355864 0.166798 0.162261
1 0.554551 0.347804 0.106144 0.143993
1 0.811220 0.420448 0.114337 0.208953
1 0.928247 0.480439 0.135860 0.293856
0 0.073511 0.208195 0.065051 0.055792
0 0.113543 0.218597 0.058379 0.052009