0 0.646941 0.649327 0.091755 0.121023
0 0.406250 0.611263 0.107713 0.122975
0 0.470745 0.375073 0.047872 0.080031
0 0.632314 0.406305 0.054521 0.060511
0 0.531915 0.431681 0.050532 0.072223
0 0.567154 0.326274 0.043883 0.095647
0 0.604388 0.158403 0.025266 0.052703
0 0.490691 0.093988 0.037234 0.072223
0 0.242021 0.395569 0.101064 0.124927
0 0.662899 0.102772 0.043883 0.062463
0 0.217420 0.186707 0.046543 0.081983
3 0.047872 0.378977 0.050532 0.080031
1 0.425532 0.261858 0.095745 0.177630
2 0.733378 0.833447 0.291223 0.333106
1 0.360372 0.836375 0.178191 0.327250
2 0.208777 0.733896 0.146277 0.532208
2 0.065160 0.648351 0.111702 0.435292
2 0.655585 0.265762 0.090426 0.224478
2 0.214096 0.283330 0.069149 0.107359
2 0.168218 0.326274 0.046543 0.220574
2 0.487367 0.205251 0.043883 0.126879
2 0.391622 0.489264 0.086436 0.171774
2 0.453457 0.585887 0.069149 0.271325