0 0.084902 0.286214 0.067361 0.044250
0 0.021524 0.319308 0.043048 0.041335
0 0.020265 0.239539 0.040529 0.029702
0 0.271480 0.277121 0.047046 0.020004
0 0.328683 0.279849 0.026730 0.016973
0 0.391767 0.264796 0.043838 0.041422
0 0.133538 0.290529 0.049924 0.008833
0 0.469820 0.263684 0.084468 0.040007
0 0.576207 0.272171 0.036353 0.018185
0 0.548408 0.305207 0.062015 0.028490
0 0.604007 0.280960 0.053461 0.021216
0 0.677249 0.273383 0.071638 0.036370
0 0.791477 0.272474 0.096230 0.041826
0 0.961317 0.276717 0.077366 0.041826
0 0.860084 0.314213 0.067362 0.022255
0 0.905527 0.287022 0.032077 0.022428
0 0.926911 0.315815 0.036353 0.015760
0 0.855273 0.291568 0.042769 0.018185
1 0.072089 0.458179 0.123609 0.101317
1 0.105597 0.355454 0.142970 0.102443
2 0.434085 0.413618 0.206800 0.144283
2 0.632054 0.375577 0.117652 0.139311
2 0.758641 0.382754 0.123609 0.124958
2 0.908313 0.407239 0.148927 0.157042