2 0.833223 0.621905 0.181334 0.138641
2 0.639566 0.620420 0.146124 0.117845
2 0.502245 0.614478 0.121476 0.107942
2 0.390451 0.596653 0.126758 0.107942
2 0.283059 0.609527 0.091547 0.078233
2 0.224962 0.629333 0.070421 0.111903
2 0.144858 0.595663 0.110913 0.103981
0 0.855230 0.513963 0.105631 0.049515
0 0.620200 0.529808 0.075703 0.041592
0 0.483759 0.527332 0.066900 0.038622
0 0.379888 0.514458 0.080984 0.038622
0 0.276898 0.552585 0.068660 0.029709
0 0.221441 0.546643 0.052816 0.029709
0 0.148379 0.522876 0.058097 0.027728