0 0.078223 0.463390 0.039111 0.069181
0 0.129459 0.454558 0.044587 0.051518
0 0.152143 0.439839 0.025814 0.051518
0 0.184215 0.449407 0.024249 0.041214
0 0.215113 0.482525 0.025031 0.039742
0 0.227628 0.455294 0.025031 0.029439
0 0.280429 0.470014 0.030507 0.044158
0 0.355523 0.458238 0.033636 0.047102
0 0.399718 0.445727 0.032854 0.039742
0 0.435701 0.456030 0.034418 0.051518
0 0.495932 0.457502 0.026596 0.039742
0 0.550297 0.472958 0.030507 0.041214
0 0.600360 0.440575 0.027378 0.041214
0 0.635951 0.455294 0.023467 0.041214
0 0.788877 0.483261 0.027378 0.038270
2 0.806104 0.605693 0.050659 0.162053
2 0.771910 0.591394 0.027862 0.135838
2 0.726001 0.597948 0.043693 0.163244
2 0.634182 0.593778 0.043693 0.190650
2 0.592072 0.587820 0.039260 0.176352
2 0.542047 0.605693 0.051925 0.183501
2 0.492655 0.582458 0.043060 0.177543
2 0.440413 0.581862 0.044959 0.162053
2 0.394820 0.570542 0.038627 0.153712
2 0.355876 0.578287 0.034195 0.150137
2 0.271657 0.569350 0.051925 0.127498
2 0.221948 0.584841 0.038627 0.134647
2 0.183321 0.566967 0.036094 0.141796
2 0.126646 0.594373 0.056991 0.165628
2 0.060157 0.635482 0.068389 0.224014
3 0.730718 0.488740 0.027926 0.060055