0 0.634235 0.266043 0.169539 0.091800
0 0.936869 0.222371 0.049119 0.025847
0 0.779214 0.270945 0.053872 0.026738
0 0.376193 0.269162 0.048168 0.022103
0 0.410418 0.247059 0.053238 0.024955
0 0.442107 0.182888 0.048168 0.020677
0 0.244365 0.188948 0.053238 0.022816
0 0.342602 0.188948 0.039295 0.017112
0 0.106199 0.187522 0.063379 0.024242
0 0.175282 0.349733 0.072252 0.036364
0 0.182888 0.262389 0.062111 0.024242
0 0.234225 0.237790 0.058309 0.024955
3 0.096059 0.269519 0.063379 0.041355
2 0.105565 0.310517 0.163518 0.046346
2 0.814775 0.275579 0.103941 0.079144
3 0.861042 0.302674 0.054506 0.046346
1 0.932026 0.290553 0.105209 0.083422
1 0.487296 0.434810 0.387064 0.266106