0 0.146735 0.427481 0.087241 0.044711
0 0.398764 0.438659 0.075609 0.026718
0 0.561614 0.471647 0.032958 0.023991
0 0.622683 0.477372 0.046529 0.022356
0 0.677935 0.490731 0.025203 0.013086
0 0.771477 0.486641 0.026172 0.010360
0 0.877620 0.511178 0.023264 0.009269
0 0.861141 0.521810 0.021326 0.008724
1 0.479655 0.501811 0.125269 0.098356
1 0.659294 0.523586 0.093082 0.061656
1 0.607534 0.487375 0.040017 0.045019
1 0.891564 0.527500 0.028708 0.024467
1 0.919401 0.534106 0.025228 0.028871
2 0.066712 0.499609 0.133424 0.113525
2 0.720624 0.515267 0.083513 0.045019
2 0.760640 0.502300 0.067854 0.022020
2 0.808486 0.512821 0.048716 0.046976
2 0.876775 0.539978 0.058285 0.027892