1 0.089096 0.395712 0.162234 0.232786
1 0.313830 0.439476 0.196809 0.301690
1 0.519282 0.328670 0.123670 0.255133
1 0.792553 0.434820 0.125000 0.243959
1 0.739362 0.325876 0.071809 0.134084
1 0.597739 0.317496 0.043883 0.083803
1 0.405329 0.299747 0.041428 0.075208
1 0.224274 0.286854 0.042451 0.059450
0 0.225552 0.230986 0.022504 0.025069
0 0.269282 0.238149 0.029153 0.039394
0 0.312500 0.206275 0.064444 0.071626
0 0.354184 0.268948 0.031199 0.032232
0 0.401493 0.230270 0.022504 0.027934
0 0.599427 0.245669 0.020458 0.027218
0 0.513247 0.135007 0.059840 0.065180
0 0.749795 0.219884 0.036825 0.038678
0 0.804010 0.252116 0.064444 0.088817
0 0.051862 0.212277 0.074468 0.078216