2 0.847074 0.700591 0.170213 0.431121
0 0.330452 0.554888 0.089096 0.123748
0 0.648936 0.455092 0.055851 0.095805
0 0.069149 0.375254 0.066489 0.071853
0 0.304521 0.360285 0.042553 0.049898
0 0.662899 0.970051 0.123670 0.059898
2 0.690160 0.520957 0.101064 0.259471
2 0.594415 0.518961 0.058511 0.143707
3 0.593750 0.417169 0.027926 0.075845
3 0.823803 0.390224 0.158245 0.185621
3 0.662234 0.369267 0.058511 0.083829
3 0.505984 0.395214 0.065160 0.107780
3 0.390957 0.383238 0.061170 0.131731
2 0.509309 0.587821 0.106383 0.289410
2 0.406915 0.611772 0.180851 0.357271
2 0.297872 0.496008 0.087766 0.193605
2 0.138298 0.535927 0.210106 0.345296
2 0.036569 0.570855 0.073138 0.255479
3 0.159574 0.293421 0.082447 0.127739