2 0.086272 0.268428 0.169632 0.161476
1 0.971746 0.291405 0.056507 0.094552
1 0.860825 0.272805 0.068890 0.063551
1 0.760245 0.310780 0.165336 0.122452
1 0.367572 0.295280 0.168092 0.116252
1 0.464018 0.245292 0.068890 0.062776
1 0.563220 0.270092 0.090935 0.090677
1 0.678955 0.285592 0.104713 0.112377
0 0.947683 0.212855 0.052194 0.033554
0 0.853081 0.223865 0.053126 0.022020
0 0.771527 0.204991 0.082020 0.038796
0 0.712809 0.191622 0.072699 0.034078
0 0.657818 0.193195 0.048466 0.031981
0 0.626595 0.192409 0.054991 0.026214
0 0.566944 0.206302 0.054991 0.028835
0 0.469546 0.200010 0.035418 0.019398
0 0.375875 0.193457 0.079224 0.048233
0 0.901204 0.213267 0.035085 0.019099