2 0.938125 0.478853 0.122436 0.079404
2 0.679568 0.461433 0.089307 0.039702
0 0.945327 0.414844 0.059058 0.030789
0 0.673153 0.417940 0.056588 0.021008
0 0.304763 0.410937 0.048666 0.021008
0 0.230067 0.423988 0.039612 0.019099
0 0.172347 0.414439 0.046402 0.021645
0 0.065961 0.413802 0.046402 0.020372
1 0.349468 0.458047 0.047534 0.057932
1 0.307027 0.461230 0.064511 0.056659
1 0.229501 0.470143 0.061115 0.059206
1 0.170083 0.463140 0.071301 0.063025
1 0.068790 0.482875 0.099595 0.085943
1 0.115431 0.641711 0.223807 0.155971
1 0.668016 0.574866 0.251535 0.160428
0 0.583841 0.446747 0.130719 0.053476
0 0.271898 0.648953 0.144583 0.103610