2 0.235372 0.542886 0.244681 0.422872
2 0.347074 0.416223 0.146277 0.165559
2 0.549867 0.500997 0.253989 0.315160
2 0.702128 0.378324 0.111702 0.149601
2 0.782580 0.383311 0.078457 0.127660
2 0.927527 0.409242 0.118351 0.219415
3 0.206782 0.267620 0.118351 0.171543
3 0.345745 0.304521 0.050532 0.113697
3 0.541888 0.290559 0.091755 0.213431
3 0.662899 0.263630 0.057181 0.103723
3 0.462766 0.318484 0.069149 0.141622
3 0.607048 0.325465 0.043883 0.087766
0 0.789894 0.283577 0.042553 0.055851
0 0.930186 0.253657 0.051862 0.091755
0 0.493351 0.591755 0.111702 0.197473