1 0.912525 0.358937 0.174949 0.158807
1 0.841616 0.355291 0.157007 0.170961
1 0.726381 0.320856 0.139722 0.132880
1 0.531203 0.380408 0.187256 0.161238
1 0.433974 0.365419 0.136841 0.153946
1 0.223672 0.348404 0.154126 0.128018
1 0.062344 0.364204 0.116675 0.154756
1 0.136526 0.305866 0.077783 0.068871
0 0.966480 0.238798 0.067040 0.078063
0 0.853737 0.226197 0.099439 0.056549
0 0.744463 0.212060 0.079770 0.043027
0 0.623715 0.240642 0.069935 0.042412
0 0.532471 0.246481 0.103810 0.059008
0 0.463082 0.241564 0.067750 0.049173
0 0.412270 0.255701 0.060101 0.047944
0 0.364190 0.239105 0.031689 0.034421
0 0.402982 0.228656 0.050266 0.038109
0 0.302450 0.256316 0.063379 0.039339
0 0.268028 0.228041 0.060101 0.031963
0 0.212299 0.254472 0.075399 0.045485
0 0.146734 0.252628 0.046988 0.028275
0 0.129797 0.229885 0.039339 0.017211
0 0.026533 0.240949 0.049173 0.083595