3 0.017952 0.439927 0.035904 0.100485
3 0.529255 0.401700 0.058511 0.093932
0 0.091185 0.343157 0.073455 0.094660
0 0.194719 0.407130 0.066489 0.079056
0 0.194719 0.305189 0.066489 0.091539
0 0.286854 0.359801 0.064590 0.092579
0 0.346061 0.388927 0.036094 0.082177
0 0.398936 0.411811 0.064590 0.080097
2 0.096884 0.509072 0.140578 0.210124
2 0.198202 0.601651 0.087386 0.276698
2 0.272606 0.501270 0.094352 0.184118
2 0.406218 0.572525 0.099417 0.185159
0 0.443262 0.434176 0.039260 0.054091
2 0.528749 0.521554 0.094985 0.151872
2 0.655079 0.503351 0.076621 0.157073
0 0.597771 0.387366 0.035461 0.049930
0 0.628799 0.335356 0.055724 0.062413
0 0.669959 0.342637 0.050659 0.058252
0 0.725367 0.358760 0.048759 0.059292
0 0.844098 0.418573 0.049392 0.052011
0 0.885892 0.402970 0.048126 0.054091
0 0.935284 0.409211 0.040527 0.056172
2 0.685157 0.495029 0.050659 0.154992
2 0.732016 0.496589 0.064590 0.158113
2 0.856130 0.529356 0.078521 0.115464
2 0.950165 0.571485 0.079154 0.195561
2 0.793123 0.510632 0.039894 0.146671