2 0.221562 0.370163 0.263365 0.208204
2 0.095915 0.325785 0.174479 0.145577
1 0.752316 0.407387 0.221666 0.199701
1 0.597589 0.352018 0.092178 0.190992
1 0.508703 0.351085 0.076815 0.149309
1 0.441216 0.326303 0.044992 0.125047
1 0.382508 0.322260 0.052673 0.129402
1 0.873025 0.347144 0.125099 0.116959
1 0.967947 0.388827 0.047186 0.150554
0 0.239303 0.186222 0.152532 0.062212
0 0.098292 0.176268 0.116320 0.055991
0 0.035743 0.227282 0.070231 0.038572
0 0.336419 0.242835 0.070231 0.043549
0 0.408844 0.211729 0.087788 0.034839
0 0.494438 0.204264 0.072425 0.042304
0 0.580580 0.212351 0.093275 0.055991
0 0.694705 0.178134 0.130585 0.038572
0 0.742989 0.226038 0.156922 0.052258
0 0.889120 0.235992 0.100957 0.039816
0 0.975286 0.248123 0.049428 0.020530
0 0.829863 0.253100 0.037310 0.026751