2 0.920498 0.514623 0.118542 0.095729
2 0.719211 0.532119 0.166663 0.087146
2 0.544919 0.525517 0.102110 0.091107
2 0.434006 0.513963 0.110326 0.087806
2 0.302553 0.538060 0.093895 0.069981
2 0.168167 0.539711 0.078637 0.081204
2 0.042583 0.537070 0.080984 0.097049
0 0.035541 0.466759 0.052816 0.026408
0 0.164646 0.477652 0.045774 0.025748
0 0.291990 0.479303 0.051642 0.031689
0 0.419335 0.446953 0.064553 0.027728
0 0.519685 0.458177 0.049295 0.025087
0 0.712169 0.472371 0.053989 0.024427
0 0.927540 0.444973 0.050468 0.030369