1 0.196970 0.396613 0.163993 0.279857
1 0.310160 0.339572 0.144385 0.258467
1 0.420677 0.392157 0.158645 0.281640
1 0.597148 0.399287 0.162210 0.281640
1 0.693405 0.272727 0.133690 0.199643
1 0.786096 0.379679 0.176471 0.274510
1 0.318182 0.746881 0.192513 0.256684
1 0.500891 0.693405 0.172906 0.199643
1 0.682709 0.741533 0.180036 0.242424
3 0.203209 0.197861 0.073084 0.096257
3 0.299465 0.147950 0.087344 0.114082
3 0.418004 0.184492 0.089127 0.098039
3 0.601604 0.197861 0.074866 0.103387
3 0.684492 0.108734 0.073084 0.124777
3 0.785205 0.174688 0.074866 0.099822
3 0.358289 0.560606 0.076649 0.098039
3 0.509804 0.536542 0.076649 0.106952
3 0.685383 0.557041 0.085561 0.105169