1 0.164843 0.560949 0.122106 0.149747
1 0.328866 0.522737 0.103881 0.116699
1 0.406572 0.527901 0.026015 0.077455
1 0.470892 0.498539 0.030354 0.062249
1 0.441983 0.516968 0.018790 0.063068
0 0.186868 0.439157 0.112742 0.063068
0 0.359595 0.430557 0.070825 0.044230
0 0.421025 0.434652 0.026017 0.019658
0 0.461497 0.434243 0.023127 0.020477
0 0.485346 0.445300 0.036135 0.022934
0 0.535935 0.447757 0.027463 0.021296
0 0.570625 0.458405 0.013009 0.013105
0 0.593752 0.465777 0.027463 0.013105
0 0.714444 0.466596 0.031799 0.011467
0 0.817068 0.464138 0.026017 0.016381
0 0.916802 0.469462 0.031799 0.018839
0 0.864044 0.580446 0.053480 0.016381
1 0.887894 0.605837 0.098288 0.027848
2 0.913188 0.505911 0.059262 0.040953
2 0.822850 0.492806 0.063598 0.027848
2 0.716612 0.492396 0.062153 0.030306
2 0.587970 0.505092 0.053480 0.052420
2 0.528708 0.500177 0.047699 0.062249