1 0.967410 0.488825 0.065180 0.131633
1 0.712308 0.487111 0.147535 0.140546
1 0.578680 0.477513 0.095535 0.114493
1 0.419052 0.503908 0.201954 0.186480
1 0.140912 0.486425 0.090698 0.130947
1 0.064726 0.471342 0.114884 0.126834
2 0.877378 0.471342 0.131814 0.125463
2 0.219517 0.509393 0.156000 0.148087
0 0.900959 0.403126 0.070140 0.052105
0 0.736494 0.390443 0.079814 0.062389
0 0.688122 0.375360 0.060465 0.051419
0 0.638540 0.396613 0.082233 0.056904
0 0.575052 0.358563 0.066512 0.027424
0 0.545424 0.391471 0.082233 0.053476
0 0.437191 0.384615 0.112465 0.083642
0 0.278168 0.406211 0.087070 0.065131
0 0.328959 0.350679 0.065302 0.048677
0 0.261843 0.340738 0.056837 0.049362
0 0.199564 0.394899 0.079814 0.064445
0 0.212866 0.349993 0.045954 0.029480
0 0.130633 0.352735 0.053209 0.041821
0 0.069563 0.388729 0.093116 0.058961
0 0.047191 0.338681 0.045954 0.032908
0 0.022386 0.371932 0.044772 0.061017