1 0.850758 0.283932 0.108650 0.085731
3 0.773043 0.299635 0.067906 0.047534
0 0.852267 0.214753 0.039235 0.022069
0 0.690047 0.266955 0.046780 0.024616
0 0.321091 0.241066 0.057343 0.027162
0 0.348254 0.177404 0.051307 0.016976
0 0.244886 0.180800 0.058852 0.018674
0 0.149818 0.179102 0.055834 0.025465
0 0.284875 0.263560 0.054325 0.021221
3 0.232814 0.275019 0.052816 0.045837
0 0.139254 0.232578 0.052816 0.027162
0 0.074366 0.338257 0.076960 0.036499
0 0.083421 0.250403 0.055834 0.027162
0 0.023225 0.179102 0.046450 0.028860
3 0.020207 0.266106 0.040413 0.051778
1 0.344693 0.430991 0.468551 0.301757