0 0.975309 0.229183 0.049382 0.035461
0 0.901968 0.204754 0.041700 0.033885
0 0.817874 0.219333 0.154288 0.055162
0 0.681656 0.233911 0.148728 0.079590
0 0.565592 0.234305 0.027800 0.028369
0 0.594782 0.223273 0.044479 0.031521
0 0.476770 0.219333 0.134721 0.062436
0 0.328862 0.240751 0.080548 0.027682
0 0.391233 0.233275 0.068430 0.073347
0 0.295003 0.202966 0.066292 0.020004
0 0.108781 0.143561 0.116545 0.035764
0 0.205545 0.228425 0.072707 0.023641
0 0.048905 0.188115 0.095160 0.056980
1 0.129631 0.388353 0.245920 0.210139
1 0.188438 0.293589 0.128306 0.124871
1 0.300171 0.328444 0.065222 0.112142
1 0.438635 0.380978 0.179629 0.208321
2 0.662814 0.394314 0.256612 0.162252
2 0.949734 0.406539 0.100532 0.198016