0 0.109072 0.416007 0.043664 0.013856
0 0.196399 0.406110 0.026198 0.025732
0 0.271500 0.408584 0.033184 0.020784
0 0.458380 0.408089 0.022705 0.009897
0 0.477592 0.423430 0.043664 0.022763
0 0.647880 0.356130 0.122258 0.034640
0 0.307304 0.510029 0.045410 0.011876
1 0.343108 0.533287 0.068115 0.040578
2 0.669711 0.448172 0.155442 0.097981
2 0.540467 0.441739 0.050650 0.041568
2 0.468859 0.453121 0.047157 0.020784
2 0.284599 0.441739 0.073355 0.029691
2 0.199018 0.438275 0.062876 0.032660
2 0.110818 0.446193 0.064622 0.028702