0 0.395707 0.481014 0.063504 0.038168
0 0.546639 0.495449 0.059155 0.027892
0 0.702790 0.527500 0.046106 0.027403
0 0.674083 0.495205 0.030447 0.022509
0 0.765860 0.518203 0.024358 0.012723
0 0.956808 0.528724 0.020008 0.009297
0 0.812401 0.514778 0.023488 0.012723
1 0.096018 0.464621 0.191383 0.093463
0 0.029904 0.404678 0.057415 0.025445
1 0.627107 0.544138 0.117440 0.087101
1 0.761945 0.559062 0.093082 0.058231
1 0.716709 0.504991 0.072204 0.032296
1 0.959418 0.547074 0.032187 0.022509
1 0.986451 0.557105 0.027098 0.026913
2 0.328288 0.555882 0.133968 0.106674
2 0.809356 0.541202 0.074814 0.039147
2 0.841543 0.526766 0.067854 0.019084
2 0.892434 0.545606 0.040886 0.033275
2 0.953764 0.558573 0.040017 0.022020
3 0.355690 0.498141 0.060025 0.042083