0 0.934840 0.373338 0.061170 0.063830
0 0.690824 0.243684 0.065160 0.075798
0 0.609447 0.447871 0.041744 0.053322
0 0.408476 0.351815 0.043363 0.051168
0 0.496358 0.471930 0.039894 0.058973
0 0.449815 0.484939 0.049722 0.057239
0 0.406741 0.477133 0.038737 0.050301
0 0.380146 0.503151 0.050301 0.060708
0 0.308164 0.444178 0.057817 0.074584
0 0.265090 0.420762 0.043363 0.052035
0 0.216235 0.503585 0.046253 0.045964
0 0.114188 0.449815 0.063020 0.063309
2 0.920878 0.534907 0.110372 0.271277
2 0.722739 0.463098 0.128989 0.327128
2 0.607048 0.573803 0.099734 0.161569
2 0.404920 0.430186 0.107713 0.073803
2 0.512633 0.616689 0.057181 0.183511
2 0.465426 0.632646 0.087766 0.195479
2 0.383644 0.649601 0.086436 0.213431
2 0.297872 0.602726 0.087766 0.211436
2 0.212766 0.628657 0.074468 0.171543
2 0.106383 0.599734 0.098404 0.217420