1 0.680988 0.476339 0.324817 0.296130
1 0.688121 0.574945 0.042797 0.026751
1 0.926279 0.406028 0.147442 0.256501
1 0.532514 0.339243 0.143863 0.087470
1 0.445988 0.348109 0.150118 0.192671
1 0.315677 0.317967 0.118844 0.163121
1 0.039066 0.308511 0.070186 0.167849
0 0.953674 0.214455 0.092652 0.073624
0 0.298535 0.187437 0.071485 0.042553
0 0.382001 0.179513 0.071351 0.046242
0 0.486183 0.170550 0.098887 0.064168
0 0.568391 0.208038 0.113184 0.056738
0 0.681575 0.210740 0.203732 0.082405
0 0.335668 0.212428 0.058379 0.037150
0 0.046410 0.177868 0.065222 0.022515
1 0.137510 0.285810 0.056134 0.114566
0 0.092386 0.194278 0.056669 0.015154