1 0.150605 0.448901 0.268890 0.114127
1 0.275704 0.351213 0.130850 0.077444
2 0.529496 0.402978 0.284707 0.190756
2 0.789758 0.374854 0.120785 0.118203
2 0.934182 0.397679 0.131636 0.162224
0 0.129995 0.321459 0.139478 0.061955
0 0.169538 0.285182 0.129412 0.046466
0 0.150126 0.239939 0.081961 0.037499
0 0.078949 0.263580 0.054641 0.029347
0 0.263002 0.279069 0.048889 0.057064
0 0.403199 0.274177 0.079085 0.030977
0 0.542677 0.261949 0.064706 0.039129
0 0.621043 0.261949 0.117909 0.042390
0 0.737993 0.266025 0.089151 0.050542
0 0.674725 0.298633 0.057517 0.032608
0 0.822830 0.274585 0.077647 0.038314
0 0.946491 0.275400 0.077647 0.043205