0 0.405597 0.473220 0.144866 0.084034
0 0.235832 0.446526 0.128267 0.064598
0 0.127182 0.363297 0.113177 0.054325
0 0.039659 0.325100 0.052816 0.035651
0 0.096247 0.333164 0.060361 0.036499
0 0.705892 0.421441 0.102613 0.060267
0 0.964613 0.372634 0.070773 0.047534
2 0.656094 0.534335 0.223335 0.153637
2 0.257713 0.369239 0.084505 0.079789
2 0.206406 0.352687 0.063379 0.067057
1 0.398051 0.645531 0.265588 0.214753
1 0.936697 0.476190 0.126606 0.125626
1 0.767007 0.431203 0.104122 0.105254
1 0.637231 0.413377 0.098086 0.079789
1 0.492365 0.485528 0.098086 0.113742
1 0.522546 0.392157 0.095068 0.072999
1 0.427477 0.358204 0.070924 0.066208
1 0.336936 0.394279 0.104122 0.070452
1 0.230550 0.580596 0.190137 0.174858
1 0.129446 0.492743 0.153920 0.163823
1 0.863834 0.397207 0.071829 0.076649
1 0.820824 0.356037 0.054206 0.037527
0 0.475787 0.391711 0.080808 0.040107
0 0.928567 0.366333 0.056878 0.031537
0 0.947255 0.337538 0.053628 0.025138
0 0.870876 0.338681 0.048753 0.028338
0 0.751837 0.347822 0.080442 0.033822
0 0.649456 0.349422 0.054441 0.037022
0 0.836749 0.318113 0.043878 0.020111
0 0.917597 0.309429 0.039815 0.019196
0 0.966350 0.304173 0.031689 0.016911
0 0.800184 0.313543 0.037377 0.017368
0 0.761588 0.320399 0.049566 0.019196
0 0.846499 0.288404 0.027627 0.013712
0 0.753462 0.304401 0.030064 0.012798
0 0.711616 0.317656 0.039002 0.020111
0 0.671395 0.327254 0.051191 0.023767
0 0.601109 0.330682 0.047128 0.020568
0 0.580795 0.315142 0.030877 0.017825
0 0.560075 0.298231 0.023564 0.018739
0 0.523511 0.303487 0.046315 0.025595
0 0.506447 0.339824 0.041440 0.022396
0 0.434536 0.307144 0.035752 0.021939
0 0.383346 0.316742 0.034127 0.021939
0 0.341499 0.298917 0.034940 0.020111
0 0.402847 0.299374 0.027627 0.017368
0 0.349219 0.335024 0.066629 0.033822
0 0.319154 0.324055 0.052003 0.028338
0 0.276495 0.304630 0.054441 0.033365
0 0.223273 0.301659 0.048753 0.024681
0 0.180615 0.299145 0.044690 0.027881
0 0.148925 0.296860 0.030064 0.023310
0 0.096516 0.283377 0.043878 0.022853