2 0.240691 0.622358 0.178191 0.375099
3 0.967420 0.446844 0.065160 0.120352
3 0.684840 0.458880 0.045213 0.084247
3 0.547207 0.420768 0.046543 0.092270
3 0.926862 0.484956 0.039894 0.072211
2 0.442154 0.601297 0.174202 0.349022
2 0.599734 0.566194 0.159574 0.226664
2 0.769947 0.610323 0.148936 0.262770
2 0.910239 0.577226 0.083777 0.140411
2 0.963431 0.601297 0.073138 0.224658
0 0.247340 0.366609 0.077128 0.092270
0 0.433511 0.381653 0.069149 0.070206
0 0.595080 0.401712 0.075798 0.078229
0 0.751330 0.421771 0.058511 0.066194
0 0.837766 0.516047 0.047872 0.078229
0 0.866356 0.699584 0.051862 0.072211