0 0.038391 0.282678 0.064153 0.090926
0 0.107355 0.263886 0.041700 0.038795
0 0.172578 0.262068 0.045976 0.023034
0 0.132482 0.256915 0.040630 0.040613
0 0.226039 0.282375 0.037423 0.020004
0 0.255977 0.270251 0.041700 0.032127
0 0.436675 0.257218 0.140068 0.054555
0 0.506708 0.284799 0.151829 0.040613
0 0.452178 0.322382 0.215982 0.045463
0 0.705048 0.277525 0.105853 0.029702
0 0.814643 0.291669 0.134721 0.079812
0 0.937781 0.262371 0.114406 0.041826
2 0.893778 0.412499 0.212444 0.147300
1 0.478374 0.377038 0.246989 0.043644
1 0.479443 0.461195 0.285481 0.107696
2 0.065121 0.400174 0.126168 0.132751
2 0.120721 0.367744 0.115476 0.123659
2 0.241008 0.350771 0.112268 0.092138