3 0.082563 0.055049 0.037429 0.061864
3 0.104532 0.584041 0.039056 0.054524
3 0.318935 0.562022 0.039870 0.056622
3 0.337649 0.050330 0.036615 0.062913
3 0.595990 0.056097 0.037429 0.059767
3 0.841313 0.062389 0.034988 0.059767
3 0.574428 0.557827 0.036615 0.056622
3 0.777439 0.570410 0.042311 0.062913
1 0.083400 0.149287 0.074349 0.127005
1 0.335410 0.144274 0.083859 0.130348
1 0.590878 0.144831 0.074349 0.127005
1 0.855856 0.155414 0.078672 0.123663
1 0.802822 0.651367 0.073773 0.147059
1 0.571705 0.647653 0.074926 0.130719
1 0.320416 0.655080 0.077231 0.124777
1 0.101979 0.671420 0.071468 0.115865