0 0.962766 0.180851 0.074468 0.243499
0 0.753989 0.258865 0.071809 0.177305
0 0.450133 0.275414 0.065160 0.163121
0 0.391622 0.270686 0.059840 0.139480
0 0.303856 0.277778 0.043883 0.092199
0 0.187500 0.329787 0.063830 0.115839
0 0.063830 0.329787 0.047872 0.092199
0 0.267287 0.604019 0.034574 0.078014
1 0.212101 0.508274 0.081117 0.260047
1 0.309840 0.445626 0.087766 0.215130
1 0.386968 0.466903 0.071809 0.200946
1 0.943484 0.534279 0.113032 0.463357
2 0.478723 0.469267 0.151596 0.290780
2 0.748670 0.458629 0.146277 0.283688