1 0.865848 0.575079 0.253516 0.297937
1 0.749653 0.517783 0.223335 0.251252
1 0.501419 0.464307 0.146375 0.207113
1 0.332409 0.491045 0.294259 0.262287
1 0.218478 0.379849 0.126758 0.143451
0 0.912552 0.324675 0.174896 0.111196
0 0.826613 0.296664 0.144866 0.080638
0 0.712682 0.320007 0.116195 0.067906
0 0.739090 0.268653 0.132794 0.065359
0 0.653831 0.257618 0.082996 0.053476
0 0.797942 0.227909 0.078469 0.044988
0 0.505192 0.305152 0.114686 0.070452
0 0.451622 0.254223 0.104122 0.060267
0 0.470484 0.227909 0.087523 0.051778
0 0.341463 0.301757 0.143357 0.080638
0 0.348254 0.243613 0.084505 0.054325
0 0.227532 0.278414 0.084505 0.047534
0 0.197352 0.231729 0.078469 0.037348
0 0.094738 0.275868 0.057343 0.032255
1 0.064270 0.547237 0.117251 0.299465