0 0.268263 0.445537 0.081773 0.038657
0 0.488354 0.463153 0.066114 0.029849
0 0.631456 0.481748 0.033927 0.024956
0 0.688002 0.491290 0.044366 0.021531
0 0.744982 0.498630 0.027838 0.011744
0 0.942020 0.515267 0.023488 0.008808
1 0.571432 0.516001 0.127879 0.093463
1 0.732368 0.534840 0.093082 0.061656
1 0.688437 0.495939 0.073074 0.044529
1 0.952894 0.531904 0.034797 0.025445
1 0.981166 0.541446 0.030447 0.031807
2 0.213893 0.524809 0.148757 0.118908
2 0.788478 0.524075 0.083513 0.042083
2 0.826320 0.509151 0.066984 0.022020
2 0.871121 0.523341 0.055675 0.046487
2 0.949414 0.544382 0.046976 0.024956