2 0.908766 0.400545 0.182468 0.188739
2 0.787940 0.400545 0.181253 0.161476
2 0.704711 0.367516 0.159059 0.124777
2 0.594665 0.364370 0.153510 0.114292
0 0.942058 0.249554 0.115884 0.071301
0 0.859147 0.279962 0.094326 0.060816
0 0.707486 0.270525 0.086928 0.056622
0 0.639053 0.272622 0.064733 0.048233
0 0.548427 0.283108 0.057335 0.033554
2 0.257127 0.386914 0.255234 0.161476
1 0.079573 0.374332 0.092476 0.119534
0 0.265450 0.264758 0.120219 0.074447
0 0.389368 0.284156 0.064733 0.044039
0 0.193319 0.292021 0.038840 0.024117
0 0.094369 0.271574 0.062884 0.033554
0 0.056454 0.284156 0.075830 0.044039