2 0.190824 0.405882 0.091755 0.270338
2 0.317154 0.428911 0.110372 0.184230
2 0.460771 0.474969 0.099734 0.280350
2 0.561835 0.428911 0.083777 0.236295
2 0.654920 0.468961 0.075798 0.204255
2 0.748670 0.475970 0.077128 0.214268
2 0.856383 0.458949 0.053191 0.152190
2 0.970080 0.444931 0.059840 0.156195
0 0.203014 0.225866 0.056738 0.061410
0 0.338209 0.300626 0.046986 0.048060
0 0.472518 0.295953 0.042553 0.060075
0 0.555408 0.267251 0.041667 0.048060
0 0.640957 0.304631 0.047872 0.058740
0 0.724734 0.303963 0.046986 0.060075
0 0.859043 0.352691 0.033688 0.034710
0 0.926418 0.323321 0.035461 0.042720
0 0.979610 0.326658 0.039007 0.049395