1 0.135227 0.419858 0.221841 0.177778
1 0.582245 0.416548 0.241857 0.193853
1 0.417365 0.378853 0.087904 0.166487
1 0.808257 0.359968 0.176806 0.147518
1 0.965844 0.369425 0.068312 0.181560
0 0.080141 0.230850 0.160282 0.100018
0 0.138363 0.211453 0.065222 0.018791
0 0.233523 0.246307 0.090884 0.020610
0 0.201447 0.260552 0.058807 0.021216
0 0.294469 0.234184 0.052392 0.020610
0 0.339376 0.230547 0.041700 0.030309
0 0.386421 0.224485 0.037423 0.035158
0 0.440417 0.235093 0.038492 0.047887
0 0.498155 0.221454 0.076984 0.055768
0 0.626995 0.233578 0.146483 0.067891
0 0.741936 0.209735 0.051322 0.026672
0 0.766528 0.242165 0.049184 0.027278
0 0.852066 0.261563 0.096230 0.035764
1 0.296429 0.296215 0.055599 0.067891
1 0.353632 0.298943 0.035284 0.076984