0 0.078130 0.279041 0.148621 0.047281
0 0.192536 0.296317 0.043838 0.020004
0 0.236909 0.312986 0.066292 0.032733
0 0.269520 0.289042 0.028869 0.016367
0 0.292508 0.301469 0.040630 0.021822
0 0.350246 0.293286 0.079122 0.033339
0 0.455564 0.292679 0.082330 0.036976
0 0.617551 0.298438 0.100506 0.032733
0 0.734808 0.276616 0.113337 0.054555
0 0.512411 0.305409 0.034215 0.020004
0 0.558387 0.335718 0.053461 0.023641
0 0.918179 0.339961 0.097299 0.034552
0 0.853491 0.339658 0.014969 0.000000
0 0.807515 0.322685 0.027800 0.020610
0 0.833176 0.308743 0.025661 0.021822
0 0.875410 0.307531 0.037423 0.018185
0 0.931010 0.312986 0.035284 0.015760
2 0.088695 0.433634 0.177389 0.154008
2 0.430259 0.404296 0.103714 0.124427
2 0.558031 0.432665 0.121891 0.149643
2 0.316387 0.398113 0.106922 0.124184
2 0.224435 0.372391 0.064153 0.059405
2 0.159747 0.333596 0.063084 0.027884
2 0.755123 0.427088 0.237366 0.179709
1 0.968254 0.448061 0.062015 0.120628
1 0.897151 0.435938 0.065222 0.136388