0 0.967420 0.182033 0.065160 0.212766
0 0.738032 0.261229 0.079787 0.172577
0 0.480718 0.274232 0.065160 0.179669
0 0.380319 0.263593 0.055851 0.106383
0 0.313830 0.269504 0.039894 0.085106
0 0.200133 0.314421 0.054521 0.094563
0 0.130319 0.317967 0.045213 0.087470
1 0.946144 0.533097 0.107712 0.456265
1 0.385223 0.441046 0.087267 0.223109
1 0.314993 0.448434 0.061503 0.211288
1 0.228557 0.497931 0.083112 0.242317
1 0.145861 0.446956 0.070645 0.187648
2 0.500000 0.469267 0.119681 0.290780
2 0.738697 0.451537 0.121011 0.278960