0 0.101381 0.469029 0.050175 0.020053
0 0.229460 0.485368 0.042253 0.020053
0 0.337072 0.483883 0.040932 0.018568
0 0.455907 0.459745 0.048855 0.023767
0 0.553616 0.468657 0.048855 0.022282
0 0.674432 0.466058 0.047534 0.024510
0 0.850045 0.460487 0.052816 0.026738
2 0.108644 0.532531 0.109593 0.090612
2 0.228139 0.545157 0.087146 0.089127
2 0.346975 0.545900 0.092428 0.080214
2 0.458548 0.517677 0.088466 0.074272
2 0.566160 0.519162 0.092428 0.065359
2 0.684335 0.516191 0.085826 0.059418
2 0.854666 0.514335 0.085826 0.064617