2 0.051400 0.333899 0.093022 0.144875
1 0.116087 0.275404 0.021384 0.052131
1 0.301762 0.326221 0.047784 0.169526
1 0.456633 0.267523 0.242712 0.037583
1 0.465543 0.395021 0.256256 0.182255
1 0.716097 0.372795 0.234159 0.187913
1 0.872203 0.296418 0.067361 0.083652
2 0.923525 0.447859 0.146483 0.202259
0 0.940413 0.235048 0.119174 0.068476
0 0.847754 0.222412 0.074772 0.030162
0 0.766512 0.212630 0.104968 0.035053
0 0.657230 0.237494 0.093464 0.052172
0 0.556576 0.206516 0.064706 0.026086
0 0.458319 0.151898 0.133726 0.039129
0 0.190867 0.221597 0.081961 0.035053
0 0.274266 0.220782 0.044575 0.033423
0 0.319560 0.194288 0.077647 0.047281
0 0.446097 0.203255 0.152419 0.055433
0 0.058819 0.208962 0.112157 0.074998
1 0.176311 0.292585 0.055151 0.086937
1 0.214648 0.290297 0.061877 0.108289
1 0.254330 0.310887 0.060532 0.120491