0 0.106952 0.845811 0.080214 0.094474
0 0.918449 0.827986 0.077540 0.090909
2 0.918449 0.938503 0.163102 0.122994
0 0.730615 0.949198 0.102941 0.101604
0 0.855615 0.750446 0.061497 0.067736
0 0.627674 0.831551 0.060160 0.094474
0 0.787433 0.721925 0.045455 0.053476
0 0.974599 0.680927 0.032086 0.039216
0 0.919786 0.677362 0.034759 0.035651
0 0.733289 0.720143 0.038770 0.049911
0 0.699198 0.704991 0.029412 0.037433
0 0.678476 0.673797 0.028075 0.035651
1 0.843499 0.896613 0.109459 0.206774
1 0.773312 0.845588 0.107787 0.158200
1 0.719001 0.811052 0.076036 0.115865
1 0.622493 0.953988 0.121992 0.092023
1 0.607871 0.904078 0.121156 0.123663
1 0.444101 0.912767 0.097761 0.174465
1 0.377674 0.952317 0.173797 0.095365
1 0.203459 0.909425 0.122828 0.181150
1 0.098178 0.951760 0.161263 0.096480
1 0.114054 0.750891 0.055983 0.100267
1 0.054729 0.774287 0.064338 0.111408
0 0.366432 0.836979 0.069276 0.082645
0 0.614062 0.772160 0.054084 0.058337
0 0.589754 0.723546 0.048007 0.046994
0 0.566055 0.663588 0.023700 0.025928
0 0.425681 0.764868 0.057730 0.068060
0 0.436011 0.729622 0.037069 0.047804
0 0.203573 0.777022 0.055907 0.072922
0 0.264949 0.762032 0.042538 0.062389
0 0.311437 0.720710 0.035853 0.046184
0 0.341517 0.704100 0.027953 0.038892
0 0.267380 0.651434 0.026738 0.029169
0 0.062895 0.684654 0.033422 0.037271
0 0.116979 0.671690 0.035853 0.034030
0 0.013369 0.661157 0.026738 0.034030
0 0.449918 0.716440 0.029823 0.043878
0 0.452232 0.680104 0.034451 0.028795
0 0.367390 0.688331 0.023139 0.026052
1 0.273396 0.869875 0.076203 0.160428