0 0.058350 0.234689 0.111199 0.029702
0 0.127314 0.202865 0.063084 0.026672
0 0.197882 0.211958 0.075914 0.059405
0 0.275401 0.240448 0.179629 0.076378
0 0.403529 0.229840 0.050966 0.040613
0 0.494234 0.223172 0.113337 0.043038
0 0.599196 0.224081 0.108704 0.056980
0 0.746035 0.209230 0.063084 0.027278
0 0.693643 0.237720 0.069499 0.041826
0 0.834780 0.239235 0.187113 0.067891
1 0.303681 0.414645 0.312746 0.164863
1 0.561501 0.374669 0.170589 0.176230
1 0.752939 0.395623 0.181961 0.196647
1 0.107545 0.345655 0.092876 0.122502
1 0.836970 0.288165 0.003791 0.001075
1 0.921328 0.384877 0.157344 0.183752