1 0.585771 0.666223 0.240691 0.318512
1 0.512633 0.509953 0.152926 0.197079
1 0.734707 0.415395 0.059840 0.139349
1 0.534574 0.341739 0.098404 0.175182
1 0.390957 0.327804 0.103723 0.199070
1 0.248670 0.424353 0.045213 0.097544
1 0.294548 0.441274 0.025266 0.047777
0 0.769282 0.565693 0.115691 0.169209
0 0.638963 0.429330 0.067819 0.127405
0 0.751330 0.318846 0.034574 0.041805
0 0.545213 0.212344 0.047872 0.079628
0 0.426862 0.209358 0.047872 0.081619
0 0.216755 0.112809 0.122340 0.222958
0 0.064495 0.339749 0.126330 0.310549
1 0.091090 0.288986 0.174202 0.320503
1 0.061835 0.590577 0.123670 0.398140