2 0.055355 0.415211 0.096163 0.096409
2 0.150285 0.443156 0.054246 0.093615
2 0.214393 0.423595 0.049314 0.068464
2 0.433841 0.406129 0.088765 0.069862
2 0.613838 0.383773 0.083834 0.039123
2 0.744520 0.375390 0.069040 0.033534
2 0.827121 0.484374 0.101094 0.078245
0 0.806163 0.406129 0.113422 0.025150
0 0.420280 0.351637 0.071505 0.025150
0 0.294529 0.355829 0.041917 0.027945
0 0.251379 0.358623 0.044383 0.033534
0 0.190969 0.351637 0.046848 0.036328
0 0.137956 0.364911 0.039451 0.032136
1 0.299460 0.413115 0.071505 0.053095
1 0.687809 0.542359 0.133148 0.032136