0 0.041649 0.286517 0.083298 0.099412
0 0.210535 0.280152 0.049184 0.023641
0 0.245284 0.268938 0.048115 0.023034
0 0.145847 0.264392 0.075914 0.023641
0 0.095594 0.263482 0.039561 0.021822
0 0.417072 0.258936 0.122960 0.052737
0 0.462514 0.324099 0.149691 0.049706
0 0.480156 0.287729 0.133652 0.047281
0 0.698455 0.281061 0.102645 0.021822
0 0.769613 0.312801 0.048225 0.038088
0 0.848145 0.268938 0.042769 0.040007
0 0.927802 0.267119 0.127237 0.043644
1 0.456811 0.371785 0.222397 0.038795
1 0.466434 0.458467 0.263028 0.110323
1 0.576029 0.358146 0.054530 0.072134
2 0.894478 0.435433 0.203864 0.173365
1 0.788804 0.363298 0.080191 0.052131
2 0.045861 0.382494 0.080263 0.136388
2 0.111475 0.354829 0.078766 0.109010
2 0.165337 0.354829 0.049808 0.091936
2 0.233099 0.353187 0.050966 0.080772
2 0.269007 0.370261 0.037066 0.134620