1 0.391742 0.557334 0.094769 0.014458
0 0.370783 0.537712 0.038272 0.016524
0 0.816379 0.389514 0.102059 0.034080
0 0.577635 0.417398 0.061964 0.023753
0 0.518404 0.431340 0.027337 0.018589
0 0.344357 0.437020 0.047384 0.015491
0 0.267813 0.435471 0.032805 0.020655
0 0.189447 0.441668 0.047384 0.024786
0 0.060051 0.447348 0.058319 0.023753
2 0.056364 0.498812 0.063714 0.055107
2 0.195529 0.475059 0.057007 0.026603
2 0.265949 0.470309 0.050300 0.032304
2 0.344753 0.465083 0.057007 0.023753
2 0.513260 0.468884 0.048624 0.038955
2 0.581165 0.466983 0.040240 0.050356
2 0.817577 0.483610 0.127428 0.104513