1 0.839761 0.543735 0.099734 0.316785
1 0.736037 0.587470 0.126330 0.427896
1 0.158910 0.536643 0.121011 0.392435
1 0.083777 0.356974 0.039894 0.160757
2 0.458777 0.653664 0.188830 0.470449
2 0.279255 0.567376 0.138298 0.510638
1 0.391337 0.254137 0.075988 0.150287
0 0.442629 0.288754 0.079787 0.101317
0 0.826368 0.308173 0.077888 0.146910
0 0.724734 0.284532 0.091185 0.150287
0 0.446903 0.121581 0.033245 0.054036
0 0.394662 0.121581 0.040843 0.067545
0 0.284005 0.257514 0.060790 0.099629
0 0.174297 0.286221 0.090236 0.173928
0 0.090710 0.241472 0.027546 0.054036