2 0.595356 0.494397 0.051590 0.053901
2 0.658231 0.505360 0.045141 0.055728
2 0.838797 0.493026 0.048366 0.034716
2 0.934722 0.493940 0.062876 0.040197
0 0.254460 0.446820 0.093615 0.042755
0 0.401169 0.434943 0.054492 0.028504
0 0.452867 0.451966 0.026547 0.022961
0 0.479414 0.440486 0.043314 0.031671
0 0.526920 0.439298 0.023753 0.026128
0 0.569536 0.455529 0.019561 0.012668
0 0.607261 0.449195 0.022356 0.017419
0 0.665246 0.466218 0.029342 0.011876
0 0.710656 0.466218 0.027945 0.016627
0 0.841298 0.465030 0.040520 0.015835
0 0.930022 0.462655 0.036328 0.011085
0 0.989463 0.520850 0.021074 0.024545
0 0.941898 0.576669 0.048903 0.015835
1 0.238391 0.532594 0.095012 0.124571
1 0.367635 0.515703 0.079642 0.091845
1 0.440990 0.520454 0.041917 0.079177
1 0.489195 0.508182 0.020959 0.056215
1 0.510852 0.494722 0.044711 0.060966
1 0.714149 0.496305 0.043314 0.026128
1 0.941898 0.602402 0.110381 0.024545