0 0.023348 0.308291 0.042452 0.037891
0 0.159896 0.299932 0.056915 0.027235
0 0.248362 0.298741 0.067891 0.034552
0 0.293084 0.291467 0.062503 0.029702
0 0.371751 0.315411 0.099143 0.044857
0 0.481670 0.303894 0.056037 0.029096
0 0.513460 0.343295 0.074357 0.029096
0 0.621763 0.314199 0.060348 0.029096
0 0.586201 0.353297 0.084056 0.039401
0 0.778559 0.289649 0.065736 0.021216
0 0.740303 0.333596 0.051727 0.020610
0 0.744973 0.370876 0.065377 0.044250
0 0.837290 0.344204 0.060348 0.020004
0 0.891172 0.323897 0.064658 0.029096
0 0.386299 0.369360 0.085133 0.046069
0 0.453113 0.372997 0.082978 0.043644
0 0.285720 0.384817 0.130394 0.058799
0 0.117429 0.346528 0.112074 0.035158
0 0.205795 0.345935 0.077590 0.043618
0 0.020997 0.378352 0.041994 0.047887
1 0.038402 0.525752 0.071124 0.170940
1 0.111681 0.458467 0.181043 0.156392
1 0.258240 0.529389 0.206906 0.186701
1 0.419347 0.481502 0.179965 0.124871
1 0.564828 0.450587 0.104531 0.129721
1 0.693605 0.436948 0.112074 0.096381
1 0.831004 0.420582 0.110997 0.098806
1 0.915060 0.400881 0.065736 0.084864
0 0.159597 0.318838 0.119448 0.025507
0 0.063929 0.301107 0.071890 0.046037