0 0.970333 0.372475 0.059333 0.043821
0 0.824070 0.359848 0.078605 0.052733
0 0.716644 0.362077 0.073364 0.045306
2 0.941512 0.449718 0.116976 0.106209
1 0.797868 0.459373 0.159830 0.137403
1 0.663585 0.444890 0.093016 0.114379
1 0.508341 0.471999 0.188651 0.176025
1 0.239120 0.454545 0.100876 0.127748
1 0.140209 0.443033 0.136248 0.124034
0 0.615768 0.358734 0.065504 0.050505
0 0.762496 0.344994 0.062884 0.040850
0 0.654415 0.339052 0.061574 0.033422
0 0.533888 0.344623 0.100876 0.066845
0 0.374058 0.372846 0.098256 0.057932
0 0.283008 0.362077 0.089085 0.057190
0 0.382574 0.324569 0.068124 0.037136
0 0.336721 0.313057 0.055023 0.042335
0 0.284318 0.324941 0.047163 0.024510
0 0.207023 0.325683 0.057643 0.036393
0 0.159205 0.359106 0.087775 0.060160
0 0.095667 0.344251 0.070744 0.058675
0 0.024922 0.350936 0.049783 0.049762