2 0.165775 0.683601 0.171123 0.301248
2 0.328209 0.689840 0.129679 0.256684
2 0.478610 0.729055 0.203209 0.335116
2 0.644385 0.730838 0.147059 0.260250
2 0.713904 0.683601 0.104278 0.247772
2 0.830214 0.648841 0.144385 0.263815
2 0.946524 0.648841 0.104278 0.249554
0 0.147950 0.486631 0.067736 0.089127
0 0.329323 0.508616 0.059715 0.078431
0 0.466578 0.491979 0.075758 0.087938
0 0.537879 0.517528 0.049020 0.053476
0 0.610071 0.551990 0.063280 0.072490
0 0.696078 0.506239 0.055258 0.061794
0 0.813280 0.465835 0.063280 0.071301
0 0.932264 0.483066 0.069519 0.060606