1 0.651619 0.380489 0.129612 0.125193
1 0.750464 0.356924 0.078553 0.120775
1 0.481421 0.412156 0.140086 0.142868
1 0.379958 0.338145 0.065461 0.121511
1 0.135353 0.468125 0.134849 0.172325
1 0.278712 0.422466 0.180671 0.175271
1 0.054912 0.487272 0.109824 0.189999
0 0.722098 0.252719 0.086408 0.031667
0 0.657947 0.276284 0.094263 0.033139
0 0.532917 0.190122 0.061533 0.033139
0 0.517207 0.255296 0.098191 0.030930
0 0.502805 0.295432 0.113901 0.044922
0 0.352246 0.229889 0.082480 0.037558
0 0.307078 0.290645 0.123066 0.061860
0 0.194486 0.276284 0.094263 0.039031
0 0.161101 0.223261 0.074625 0.037558
0 0.032437 0.230258 0.064874 0.053023
0 0.045236 0.310529 0.089026 0.063333
0 0.117243 0.322311 0.102118 0.060387