0 0.906250 0.317967 0.102394 0.144208
2 0.909574 0.639480 0.167553 0.413712
0 0.744681 0.366430 0.069149 0.146572
2 0.510638 0.672577 0.156915 0.390071
0 0.629654 0.356974 0.051862 0.099291
0 0.582447 0.267139 0.053191 0.099291
0 0.503324 0.378251 0.062500 0.118203
0 0.459441 0.341608 0.033245 0.082742
0 0.423537 0.360520 0.067819 0.115839
0 0.283910 0.339243 0.025266 0.054374
1 0.757979 0.650118 0.125000 0.401891
1 0.670878 0.575650 0.075798 0.290780
1 0.578457 0.380615 0.077128 0.170213
1 0.276596 0.432624 0.039894 0.122931
1 0.401596 0.566194 0.095745 0.262411