0 0.848516 0.231883 0.152898 0.083180
0 0.710290 0.226192 0.123554 0.068295
0 0.583647 0.192919 0.111199 0.057788
0 0.487120 0.196422 0.106565 0.047281
0 0.426116 0.170154 0.055599 0.015760
0 0.395999 0.216998 0.097299 0.065669
0 0.070977 0.196197 0.078002 0.054555
0 0.021818 0.188317 0.037423 0.040007
1 0.389303 0.326326 0.150416 0.169706
1 0.530039 0.346167 0.095313 0.178994
1 0.645457 0.414978 0.081910 0.225431
1 0.840227 0.484634 0.319545 0.307329
1 0.100881 0.323089 0.201051 0.178994
0 0.154885 0.212918 0.038492 0.033642
0 0.115591 0.192005 0.065757 0.026368