2 0.275931 0.635515 0.134309 0.288966
2 0.450133 0.449182 0.131649 0.175372
2 0.869681 0.461139 0.095745 0.199287
2 0.198138 0.382421 0.050532 0.121565
2 0.739362 0.358506 0.045213 0.097651
3 0.209966 0.301442 0.022396 0.035662
3 0.299552 0.341824 0.032195 0.055591
3 0.409085 0.318748 0.052492 0.082861
3 0.462626 0.313504 0.026596 0.051395
1 0.619401 0.337628 0.027996 0.063982
1 0.700238 0.315602 0.025896 0.063982
0 0.606453 0.285709 0.017497 0.020978
0 0.689740 0.269451 0.017497 0.024124
3 0.248005 0.423275 0.078457 0.111601