0 0.849714 0.304304 0.109298 0.078941
0 0.660315 0.333164 0.080851 0.063662
0 0.557754 0.325524 0.082348 0.061964
0 0.652828 0.279688 0.056895 0.038197
0 0.590693 0.273321 0.061387 0.042441
0 0.457440 0.318734 0.088337 0.055174
0 0.452948 0.280112 0.046414 0.020372
0 0.359371 0.298786 0.071867 0.044139
0 0.221626 0.255921 0.122773 0.094220
0 0.122808 0.271624 0.086839 0.064511
1 0.951433 0.408285 0.097134 0.118835
1 0.818273 0.432476 0.187154 0.184195
1 0.521072 0.420168 0.110795 0.125626
1 0.422255 0.405738 0.098817 0.122231
2 0.229112 0.393430 0.263513 0.177404
2 0.601923 0.437145 0.146729 0.157881
2 0.076394 0.398523 0.086839 0.175707