0 0.961230 0.497326 0.026738 0.035651
0 0.939840 0.523173 0.032086 0.033868
0 0.904412 0.520499 0.028075 0.035651
0 0.863636 0.539216 0.048128 0.051693
2 0.893717 0.685383 0.129679 0.197861
2 0.947861 0.583779 0.053476 0.055258
0 0.532086 0.549911 0.040107 0.040998
0 0.693182 0.311943 0.121658 0.121212
2 0.551471 0.741533 0.092246 0.142602
2 0.469251 0.846702 0.131016 0.117647
2 0.340241 0.696970 0.108289 0.149733
2 0.112299 0.819073 0.192513 0.208556
2 0.699866 0.661319 0.405080 0.409982
0 0.332888 0.582888 0.058824 0.049911
0 0.161096 0.655971 0.078877 0.089127