0 0.916518 0.398639 0.056177 0.029169
0 0.768154 0.460217 0.133960 0.059958
0 0.478628 0.581753 0.133960 0.079404
0 0.516835 0.390969 0.051759 0.021390
0 0.435499 0.406714 0.041196 0.017231
0 0.382683 0.397802 0.049647 0.019608
0 0.265432 0.399881 0.041196 0.022579
0 0.175117 0.407605 0.046478 0.016637
1 0.566709 0.441880 0.040029 0.060043
1 0.515840 0.441880 0.048368 0.061920
1 0.437450 0.454545 0.075054 0.062858
1 0.377082 0.447613 0.083331 0.063379
1 0.271451 0.467419 0.095068 0.087146
0 0.047864 0.495148 0.049295 0.021126
1 0.228611 0.609031 0.394358 0.144583
1 0.840100 0.568759 0.208916 0.143263
2 0.912282 0.460487 0.076289 0.075923