0 0.103419 0.302075 0.023708 0.023034
0 0.149219 0.304803 0.037717 0.028490
0 0.200407 0.292073 0.032329 0.021216
0 0.227887 0.300863 0.014009 0.025459
0 0.321641 0.313592 0.039873 0.019397
0 0.364746 0.303287 0.026941 0.024247
0 0.181009 0.326322 0.056037 0.026672
0 0.230581 0.337839 0.071124 0.031521
0 0.312481 0.337536 0.066813 0.030915
0 0.379833 0.320260 0.031251 0.025459
0 0.437487 0.311168 0.053882 0.012123
0 0.367979 0.379059 0.067891 0.036370
0 0.104497 0.336021 0.077590 0.032733
0 0.194480 0.382999 0.128239 0.043038
0 0.533397 0.391788 0.109919 0.037583
0 0.571653 0.360571 0.046338 0.029702
0 0.582429 0.323291 0.035562 0.016973
0 0.682649 0.336930 0.061425 0.020004
0 0.770477 0.323291 0.038795 0.019397
0 0.773710 0.353903 0.053882 0.026065
0 0.818432 0.358752 0.050649 0.045463
0 0.720367 0.358146 0.082978 0.038189
0 0.590511 0.341274 0.045261 0.017781
0 0.821485 0.067184 0.034484 0.020004
0 0.051693 0.293387 0.064658 0.040007
0 0.032834 0.311572 0.048494 0.020610
0 0.031773 0.332485 0.063546 0.043038
0 0.740303 0.410628 0.148011 0.042142
0 0.977659 0.349028 0.044681 0.022984
0 0.907454 0.350341 0.044363 0.024297
0 0.881770 0.383832 0.077051 0.030864
0 0.963491 0.387444 0.060707 0.034148
1 0.868344 0.488574 0.129586 0.131337
1 0.940885 0.544720 0.118230 0.185842
1 0.686224 0.534542 0.220646 0.168111
1 0.357200 0.493170 0.133088 0.169425
1 0.088494 0.430238 0.096898 0.105726
2 0.027009 0.637641 0.048643 0.249540
2 0.194111 0.547238 0.179786 0.231153
2 0.508153 0.511777 0.233488 0.165485
2 0.809684 0.107486 0.100867 0.051064
0 0.635772 0.356833 0.049571 0.029096
0 0.477360 0.308137 0.030174 0.023034
0 0.502145 0.345719 0.062503 0.032733
0 0.440181 0.337839 0.061425 0.026672
0 0.018825 0.365925 0.037650 0.042432
0 0.027446 0.433210 0.052804 0.048494
0 0.245668 0.315007 0.032329 0.015760
3 0.272608 0.297428 0.056037 0.020610