3 0.890293 0.513963 0.075798 0.121676
3 0.851729 0.395279 0.038564 0.059840
3 0.876995 0.239694 0.038564 0.079787
3 0.711436 0.415226 0.034574 0.079787
3 0.664894 0.365359 0.029255 0.055851
3 0.411569 0.585771 0.089096 0.177527
3 0.117686 0.669548 0.123670 0.169548
3 0.026596 0.626662 0.047872 0.139628
3 0.095080 0.487035 0.067819 0.111702
3 0.216755 0.454122 0.039894 0.073803
3 0.239362 0.425199 0.037234 0.067819
3 0.296543 0.374335 0.029255 0.065824
3 0.488697 0.235705 0.030585 0.039894
3 0.394282 0.281582 0.067819 0.063830
1 0.900931 0.716423 0.168883 0.295213
1 0.437500 0.816157 0.234043 0.367021
1 0.115691 0.889129 0.186170 0.221742
1 0.886303 0.331449 0.099734 0.143617
1 0.777261 0.494016 0.115691 0.149601
1 0.126330 0.562832 0.114362 0.131649
3 0.235372 0.584774 0.053191 0.071809
2 0.421543 0.410239 0.172872 0.261303