1 0.929066 0.425208 0.141868 0.138889
1 0.802454 0.411096 0.111357 0.116607
1 0.651795 0.436349 0.192581 0.180481
2 0.458558 0.440062 0.144109 0.144831
2 0.101562 0.396242 0.174240 0.186423
1 0.366198 0.418895 0.111357 0.124777
1 0.267287 0.406640 0.123147 0.127005
0 0.958353 0.323455 0.082535 0.060160
0 0.845031 0.328654 0.094326 0.048277
0 0.881058 0.306373 0.074674 0.036393
0 0.681926 0.301173 0.103496 0.060160
0 0.747430 0.315657 0.066814 0.046049
0 0.611837 0.307115 0.070744 0.036393
0 0.505721 0.334967 0.091705 0.051990
0 0.493930 0.282977 0.062884 0.035651
0 0.444802 0.277406 0.061574 0.040850
0 0.400260 0.327169 0.090395 0.060160
0 0.294798 0.321970 0.086465 0.051248
0 0.214229 0.302659 0.074674 0.043821
0 0.285628 0.280377 0.044543 0.023024
0 0.053744 0.256239 0.099566 0.087641