1 0.041807 0.606326 0.075009 0.107513
1 0.105772 0.538942 0.092633 0.147768
1 0.192695 0.491374 0.103222 0.152644
1 0.295515 0.475684 0.061772 0.106263
1 0.672203 0.463058 0.091530 0.081010
2 0.394792 0.471309 0.110308 0.120015
2 0.539295 0.501313 0.121339 0.112514
2 0.954413 0.460683 0.091173 0.098762
0 0.024213 0.410051 0.048425 0.045006
0 0.048425 0.356920 0.070597 0.043755
0 0.162042 0.357545 0.081628 0.045006
0 0.249186 0.368796 0.030886 0.042505
0 0.315370 0.388799 0.048535 0.040005
0 0.390380 0.363795 0.057360 0.035004
0 0.469801 0.373172 0.039711 0.036255
0 0.534883 0.376922 0.037505 0.028754
0 0.555842 0.405676 0.075009 0.036255
0 0.618717 0.388174 0.033092 0.028754
0 0.679386 0.381923 0.048535 0.033754
0 0.947435 0.382548 0.063979 0.030004