2 0.434555 0.574866 0.136232 0.262032
2 0.981891 0.497893 0.035211 0.093178
2 0.949411 0.479258 0.033390 0.083455
2 0.915414 0.471966 0.041889 0.078593
2 0.860168 0.473181 0.052817 0.082645
0 0.987658 0.426997 0.023677 0.034030
0 0.962160 0.420110 0.027319 0.033220
0 0.923609 0.409172 0.025498 0.025928
0 0.861686 0.405526 0.019427 0.023497
0 0.713251 0.414439 0.018820 0.025117
0 0.642829 0.420110 0.020034 0.026738
0 0.619381 0.418085 0.022005 0.019446
0 0.565121 0.414033 0.023677 0.024307
0 0.449166 0.372306 0.061316 0.073732
0 0.513518 0.409577 0.022462 0.028358
0 0.484681 0.418085 0.024284 0.040512
0 0.380260 0.423351 0.029141 0.025117
0 0.348995 0.407146 0.024891 0.033220
0 0.273298 0.414176 0.022784 0.029359
0 0.294903 0.414176 0.025141 0.020971
2 0.719940 0.472895 0.050282 0.071301
2 0.645696 0.479711 0.027498 0.074447
2 0.624484 0.477089 0.029069 0.075495
2 0.571845 0.491245 0.057353 0.095418
2 0.526670 0.489672 0.032997 0.111146
2 0.349899 0.481283 0.039283 0.096466
2 0.272905 0.492817 0.037711 0.098563
2 0.297260 0.468177 0.032997 0.074447
2 0.147594 0.498584 0.085636 0.156234
0 0.137380 0.384817 0.033783 0.046136
2 0.047229 0.510695 0.056095 0.130125
0 0.046562 0.407308 0.036061 0.040998