0 0.055861 0.261292 0.054868 0.027373
0 0.121154 0.264091 0.049381 0.030484
0 0.128287 0.308884 0.107541 0.039194
0 0.227598 0.283377 0.108638 0.055369
0 0.300023 0.251027 0.108638 0.046659
0 0.394396 0.315416 0.060355 0.047281
0 0.455847 0.295508 0.091080 0.043549
0 0.526810 0.308573 0.029629 0.017419
0 0.619719 0.263158 0.136438 0.033595
0 0.737868 0.298930 0.042797 0.036705
0 0.696717 0.289598 0.037310 0.016797
0 0.836630 0.290428 0.049381 0.016797
0 0.888205 0.295716 0.064744 0.042304
0 0.969616 0.289494 0.060768 0.032350
2 0.917834 0.392456 0.156922 0.125047
2 0.820718 0.358861 0.057062 0.077765
2 0.642398 0.404276 0.255684 0.148687
1 0.167975 0.431027 0.290799 0.108871
1 0.270577 0.408942 0.149240 0.139355
1 0.356171 0.375969 0.100957 0.140600