1 0.985372 0.677980 0.029255 0.217832
1 0.949373 0.705843 0.073138 0.243161
1 0.907105 0.694867 0.039894 0.190814
1 0.862462 0.662783 0.056991 0.227964
1 0.810695 0.800405 0.122530 0.368119
1 0.708587 0.666160 0.058891 0.207700
1 0.648746 0.735393 0.100684 0.312394
1 0.544263 0.758190 0.098784 0.297197
1 0.454977 0.579196 0.051292 0.151976
0 0.982523 0.524316 0.034954 0.075988
0 0.942249 0.531915 0.045593 0.077676
0 0.906630 0.554711 0.037044 0.062479
0 0.842515 0.488855 0.032295 0.059102
0 0.799297 0.514184 0.076938 0.106383
0 0.697663 0.511651 0.048442 0.070922
0 0.636398 0.483789 0.056991 0.092874
0 0.544263 0.555556 0.051292 0.087808
0 0.464951 0.483789 0.033245 0.075988