1 0.944426 0.668449 0.111148 0.345365
1 0.751201 0.593249 0.207962 0.319742
1 0.514520 0.626671 0.439691 0.408868
1 0.119609 0.666778 0.239218 0.326426
0 0.892503 0.337344 0.153694 0.097148
0 0.735641 0.344920 0.194890 0.108734
0 0.518568 0.340463 0.213904 0.121212
0 0.719004 0.255793 0.167954 0.078431
0 0.516984 0.241979 0.137849 0.073975
0 0.396564 0.292781 0.115666 0.057932
0 0.287235 0.300357 0.087146 0.049911
0 0.322886 0.232175 0.095068 0.061497
0 0.146217 0.292781 0.074470 0.050802
0 0.030724 0.337790 0.061448 0.169340
1 0.158893 0.372103 0.112498 0.090018