2 0.752894 0.586424 0.083698 0.150564
2 0.638298 0.603480 0.078223 0.116452
2 0.348482 0.590541 0.052409 0.104689
1 0.181477 0.552312 0.034418 0.070577
1 0.231148 0.556429 0.024249 0.050580
1 0.279255 0.563486 0.020338 0.041170
1 0.428270 0.568780 0.022685 0.044699
3 0.757979 0.478794 0.025031 0.045875
3 0.636342 0.519376 0.021120 0.047051
3 0.352785 0.513494 0.018773 0.037641
2 0.533088 0.565839 0.022685 0.050580
2 0.571809 0.566989 0.023936 0.055991
2 0.488697 0.574988 0.025266 0.059990
3 0.187500 0.500000 0.018617 0.025996