0 0.405585 0.613215 0.101064 0.115167
3 0.048537 0.372145 0.051862 0.078079
3 0.458777 0.161331 0.029255 0.074175
0 0.654255 0.660062 0.085106 0.111263
2 0.751995 0.841255 0.246011 0.317490
2 0.553856 0.750830 0.110372 0.222526
2 0.352394 0.835399 0.154255 0.329202
2 0.678856 0.553679 0.097074 0.195198
0 0.634973 0.412161 0.062500 0.080031
0 0.530585 0.441441 0.061170 0.087839
0 0.472074 0.376049 0.061170 0.078079
0 0.607713 0.159379 0.037234 0.042944
0 0.664894 0.110580 0.045213 0.074175
2 0.657580 0.253074 0.083777 0.226430
0 0.712914 0.101015 0.042849 0.050968
2 0.722518 0.208916 0.044326 0.138808
0 0.571809 0.324408 0.042849 0.090008
0 0.489805 0.093424 0.039894 0.079164
0 0.446217 0.107522 0.028073 0.050968
1 0.423685 0.263138 0.098257 0.171341
2 0.493129 0.198614 0.067228 0.152905
2 0.460254 0.528282 0.082742 0.146399
2 0.398567 0.493580 0.105644 0.222309
2 0.210106 0.728040 0.167553 0.543920
2 0.069814 0.625903 0.110372 0.417724
2 0.223404 0.274546 0.082447 0.113215
0 0.242021 0.392641 0.095745 0.103455
0 0.218085 0.175971 0.039894 0.056607