0 0.878736 0.336743 0.190137 0.098427
0 0.889070 0.243742 0.097824 0.047276
0 0.903537 0.209641 0.107469 0.044176
0 0.671455 0.231411 0.064511 0.035014
0 0.613735 0.237140 0.050929 0.032468
0 0.564504 0.222816 0.081487 0.036924
0 0.477923 0.201808 0.100727 0.049656
0 0.403793 0.227591 0.067906 0.036287
0 0.305329 0.230456 0.076960 0.030558
0 0.275337 0.260377 0.066774 0.042017
0 0.145184 0.233957 0.087146 0.047746
0 0.026915 0.237140 0.052061 0.031194
1 0.490930 0.315904 0.167837 0.124777
1 0.282601 0.350895 0.105631 0.116855
1 0.159951 0.334390 0.142016 0.120816