3 0.865916 0.465241 0.084288 0.110517
2 0.916569 0.686275 0.166862 0.488414
1 0.762897 0.580214 0.129776 0.294118
3 0.704699 0.486631 0.080274 0.117647
1 0.631783 0.601604 0.105694 0.247772
3 0.571578 0.480392 0.078936 0.101604
1 0.519400 0.605169 0.094991 0.226381
3 0.495986 0.462567 0.072247 0.098039
1 0.404340 0.549911 0.100342 0.194296
3 0.430429 0.390374 0.048164 0.092692
3 0.382934 0.421569 0.060205 0.090909
3 0.335438 0.355615 0.077598 0.133690
2 0.250482 0.457219 0.159210 0.226381
2 0.182249 0.475045 0.081612 0.215686
2 0.102644 0.487522 0.101680 0.101604
3 0.103313 0.410873 0.030772 0.051693
3 0.249144 0.345811 0.057530 0.042781