1 0.920079 0.583198 0.159842 0.157328
1 0.616954 0.466558 0.140536 0.120902
1 0.105100 0.635899 0.205292 0.182128
1 0.166413 0.490971 0.143291 0.118577
1 0.897337 0.456483 0.108846 0.093002
1 0.763690 0.462683 0.103335 0.096102
1 0.437151 0.427807 0.106091 0.102302
1 0.337260 0.415795 0.082668 0.089127
1 0.235303 0.396419 0.090935 0.075176
1 0.159524 0.351081 0.090935 0.049601
1 0.098211 0.356119 0.062001 0.062776
1 0.031388 0.403007 0.060623 0.079051
1 0.538497 0.392732 0.075646 0.072451
2 0.349053 0.533352 0.231833 0.156675
2 0.894748 0.358231 0.066446 0.033351
2 0.836480 0.359094 0.058268 0.043126
0 0.946096 0.461446 0.107808 0.066126
0 0.975230 0.412570 0.049540 0.048876
0 0.914170 0.378932 0.060312 0.044851
0 0.785368 0.388132 0.064401 0.032201
0 0.642765 0.372032 0.077690 0.049451
0 0.742493 0.358334 0.043878 0.026509
0 0.896877 0.327483 0.043878 0.020568
0 0.549106 0.338681 0.050378 0.025595
0 0.431692 0.344166 0.067442 0.031994
0 0.351656 0.349650 0.060129 0.040221
0 0.247650 0.341880 0.052003 0.029252
0 0.165989 0.303487 0.051191 0.033822
0 0.108704 0.308515 0.050378 0.028338
0 0.269995 0.314685 0.034940 0.021482
0 0.253338 0.298460 0.032502 0.024681
0 0.380502 0.311029 0.033315 0.018739
0 0.521073 0.319713 0.043065 0.025138
0 0.629955 0.335710 0.041440 0.021482
0 0.744118 0.321541 0.050378 0.024224
0 0.704303 0.356278 0.030877 0.026966
0 0.607203 0.305773 0.033315 0.019196
0 0.565357 0.292061 0.024376 0.013712
0 0.482477 0.311257 0.034127 0.016454
0 0.424786 0.320399 0.037377 0.019196
0 0.318342 0.329311 0.039002 0.023310
0 0.848903 0.324157 0.041079 0.021126
0 0.579543 0.331749 0.039905 0.021786
0 0.327788 0.311613 0.024647 0.015845
0 0.022169 0.333819 0.044338 0.043753
0 0.066102 0.480473 0.132204 0.095608
0 0.155971 0.393372 0.076343 0.039702
0 0.400124 0.423756 0.097949 0.056717