3 0.034809 0.735699 0.069617 0.093988
3 0.286124 0.789175 0.078828 0.082645
3 0.393567 0.760412 0.120941 0.114244
3 0.507489 0.809836 0.085307 0.085075
3 0.616012 0.753119 0.105823 0.102901
3 0.757470 0.792821 0.086386 0.070491
3 0.882730 0.711392 0.088546 0.085886
2 0.803902 0.716659 0.032395 0.049425
2 0.762869 0.719900 0.038874 0.052666
2 0.951299 0.719494 0.035634 0.050235
2 0.909510 0.874737 0.180980 0.250526
2 0.650566 0.903500 0.265638 0.193000
2 0.383308 0.901880 0.275357 0.196240
2 0.098519 0.891752 0.197037 0.216496
2 0.254268 0.734484 0.049672 0.062389