0 0.534152 0.227415 0.066292 0.028490
0 0.612739 0.196197 0.088745 0.030309
0 0.581197 0.226506 0.079122 0.042432
0 0.641608 0.250753 0.063084 0.038795
0 0.718057 0.219535 0.094091 0.049100
0 0.841017 0.222263 0.115476 0.055768
0 0.962208 0.254693 0.075584 0.064860
0 0.348820 0.215898 0.081261 0.045463
0 0.267560 0.216807 0.070568 0.044857
0 0.165984 0.222263 0.177490 0.080015
0 0.058350 0.245297 0.038492 0.032733
1 0.336346 0.347538 0.128306 0.179427
1 0.158321 0.444727 0.313281 0.275606
1 0.941002 0.446142 0.117996 0.232770
1 0.824088 0.361884 0.165729 0.168515
1 0.686159 0.361278 0.088745 0.152755
1 0.554645 0.342790 0.174283 0.183670
0 0.021462 0.228324 0.031007 0.021822