1 0.948084 0.412656 0.103832 0.222816
1 0.742102 0.425134 0.270400 0.340463
1 0.572316 0.370766 0.144633 0.146168
1 0.419823 0.412656 0.128912 0.147950
1 0.199730 0.437611 0.260968 0.262032
0 0.886735 0.306595 0.119479 0.067736
0 0.819135 0.184492 0.235814 0.137255
0 0.584893 0.249554 0.113191 0.071301
0 0.473274 0.265597 0.097470 0.057041
0 0.393098 0.295009 0.094326 0.065954
0 0.342791 0.225490 0.113191 0.090909
0 0.246893 0.248663 0.191795 0.126560
1 0.047237 0.393048 0.088037 0.126560
0 0.029944 0.282531 0.053451 0.058824