0 0.488799 0.056594 0.067499 0.021492
2 0.486252 0.094921 0.103159 0.030804
0 0.051693 0.294397 0.048853 0.018185
0 0.016327 0.327029 0.032654 0.028086
0 0.126900 0.301368 0.039778 0.017579
0 0.060673 0.370774 0.086211 0.035158
0 0.227707 0.382494 0.105608 0.038795
0 0.276739 0.314603 0.024786 0.018185
0 0.304219 0.333091 0.056037 0.022428
0 0.277278 0.350973 0.058192 0.030309
0 0.379654 0.331575 0.049571 0.023034
0 0.454550 0.314603 0.057115 0.025459
0 0.472331 0.345517 0.053882 0.021822
0 0.413061 0.351276 0.075435 0.032127
0 0.524057 0.344911 0.043105 0.042432
0 0.406595 0.393405 0.129316 0.044857
0 0.977017 0.351579 0.045966 0.032733
0 0.867285 0.344305 0.065736 0.024247
0 0.886143 0.374310 0.053882 0.016367
0 0.963194 0.385525 0.065736 0.033946
0 0.784306 0.350064 0.095910 0.035764
0 0.793466 0.394314 0.099143 0.033339
0 0.725036 0.406438 0.102376 0.049100
0 0.710488 0.329454 0.060348 0.028490
0 0.672771 0.334303 0.051727 0.023641
0 0.605958 0.337031 0.056037 0.021822
0 0.569318 0.372189 0.081900 0.031521
0 0.639903 0.371280 0.070046 0.034552
1 0.066673 0.489269 0.128556 0.146016
1 0.381882 0.530524 0.160695 0.159922
1 0.547521 0.465165 0.106306 0.129328
1 0.685965 0.525657 0.111250 0.169657
1 0.814304 0.489590 0.111170 0.096088
1 0.924796 0.467475 0.077277 0.114390
2 0.223880 0.506368 0.155910 0.170823
0 0.176160 0.315310 0.031251 0.015154
0 0.128205 0.328646 0.051727 0.022428
0 0.189092 0.340163 0.100220 0.029702
0 0.065882 0.311471 0.044183 0.030915
0 0.015968 0.306318 0.031936 0.013336