1 0.820410 0.404635 0.228164 0.185383
1 0.685730 0.373886 0.158447 0.168449
1 0.566102 0.330214 0.118835 0.127451
1 0.422707 0.298574 0.110913 0.119430
1 0.248416 0.383244 0.259853 0.199643
1 0.063032 0.321747 0.110913 0.099822
1 0.963285 0.326203 0.073430 0.137255
0 0.971999 0.221925 0.056001 0.042781
0 0.829917 0.267380 0.126758 0.074866
0 0.708705 0.245544 0.106160 0.057932
0 0.604130 0.233512 0.080808 0.051693
0 0.513022 0.243761 0.082393 0.043672
0 0.436968 0.224599 0.063379 0.044563
0 0.368835 0.215241 0.047534 0.038324
0 0.259507 0.238414 0.123589 0.111408
0 0.173153 0.221034 0.087146 0.064171
0 0.120073 0.202763 0.069717 0.050802
0 0.061448 0.237522 0.098237 0.057932