0 0.403565 0.421899 0.143039 0.084439
0 0.968657 0.430481 0.062686 0.076649
0 0.605951 0.406351 0.038732 0.027068
1 0.597148 0.455206 0.058684 0.058758
1 0.639401 0.456856 0.032863 0.054136
1 0.507948 0.469070 0.053989 0.060078
0 0.509709 0.423516 0.038732 0.025748
0 0.331309 0.409982 0.041079 0.023767
0 0.238588 0.419225 0.045774 0.021126
0 0.186946 0.408992 0.041079 0.020466
0 0.046104 0.395128 0.038732 0.023107
0 0.123567 0.505711 0.050468 0.023767
1 0.054906 0.448274 0.070421 0.056777
1 0.343199 0.542558 0.283224 0.193850