1 0.248976 0.374310 0.333596 0.187307
1 0.081376 0.267928 0.139533 0.070922
1 0.548892 0.363854 0.131514 0.180942
1 0.428605 0.331575 0.109060 0.134570
2 0.753914 0.422046 0.274254 0.222768
2 0.913495 0.335667 0.093022 0.126387
0 0.917301 0.214079 0.165398 0.064860
0 0.815891 0.211958 0.065222 0.043644
0 0.757084 0.235295 0.152898 0.072134
0 0.652835 0.205290 0.094091 0.050918
0 0.577455 0.207108 0.058807 0.048494
0 0.507421 0.236508 0.081261 0.032127
0 0.475345 0.203471 0.055599 0.027884
0 0.418676 0.216201 0.059876 0.013336
0 0.405311 0.238932 0.090884 0.028490
0 0.349711 0.194177 0.058807 0.020610
0 0.227464 0.139621 0.144344 0.049706
0 0.200199 0.185690 0.196736 0.046069
0 0.077061 0.195995 0.078053 0.033946
0 0.017185 0.219030 0.033146 0.021822