0 0.532167 0.272777 0.102645 0.050918
2 0.561036 0.431897 0.237366 0.172759
2 0.362162 0.425532 0.134721 0.145481
0 0.043737 0.292073 0.040630 0.021216
0 0.175785 0.291164 0.078053 0.035158
0 0.070467 0.311774 0.059876 0.032733
0 0.119651 0.292983 0.036353 0.026672
0 0.272550 0.286012 0.087676 0.036976
0 0.359691 0.302681 0.056669 0.019397
0 0.435071 0.296620 0.087676 0.033946
0 0.633945 0.317532 0.066292 0.023641
0 0.682060 0.304500 0.034215 0.020610
0 0.723760 0.302681 0.040630 0.016973
0 0.869173 0.291164 0.055599 0.027884
0 0.755836 0.333293 0.081261 0.032127
0 0.852066 0.340870 0.087676 0.040007
0 0.784705 0.309955 0.038492 0.016973
0 0.966485 0.294498 0.067030 0.023641
0 0.964881 0.337233 0.070238 0.023034
2 0.036787 0.361783 0.037423 0.041826
2 0.011176 0.343295 0.022352 0.052131
2 0.128205 0.389970 0.117614 0.130933
2 0.242077 0.394819 0.095160 0.128508
1 0.904636 0.463418 0.067361 0.102443
1 0.801456 0.437958 0.066292 0.108505
1 0.728215 0.429472 0.069499 0.124265