2 0.917803 0.484049 0.155041 0.106337
2 0.270534 0.514168 0.135525 0.145676
1 0.753546 0.494806 0.169136 0.141373
1 0.626152 0.485893 0.092157 0.117401
1 0.463522 0.511095 0.185399 0.178868
1 0.197893 0.488967 0.102999 0.132153
1 0.102483 0.479439 0.124683 0.122933
1 0.030925 0.448091 0.059631 0.097117
0 0.949787 0.410904 0.071557 0.051017
0 0.786614 0.401070 0.079147 0.066999
0 0.730778 0.384781 0.054210 0.052861
0 0.683615 0.402606 0.083484 0.055320
0 0.619647 0.370336 0.057463 0.035036
0 0.586037 0.397382 0.072642 0.049788
0 0.490627 0.387240 0.109504 0.073760
0 0.373533 0.358965 0.057463 0.049173
0 0.335586 0.412441 0.083484 0.063925
0 0.248850 0.398611 0.076978 0.062081
0 0.124709 0.395538 0.082399 0.058393
0 0.058573 0.377405 0.067221 0.057779
0 0.262945 0.356506 0.046621 0.028275
0 0.182172 0.359272 0.049873 0.039953
0 0.104651 0.347286 0.040115 0.030733
0 0.307939 0.347594 0.049873 0.047329