0 0.721040 0.742649 0.026596 0.037677
0 0.821144 0.726729 0.035904 0.040891
2 0.026596 0.081172 0.053191 0.075632
2 0.714345 0.832364 0.050698 0.115941
2 0.827793 0.854181 0.076463 0.177028
2 0.443816 0.725150 0.036569 0.083527
2 0.470412 0.570562 0.056516 0.095994
2 0.268035 0.361744 0.054023 0.077294
2 0.297124 0.146069 0.044049 0.059840
2 0.246842 0.207156 0.039894 0.064827
2 0.652427 0.291930 0.028258 0.047374
2 0.686503 0.297540 0.026596 0.056100
3 0.442985 0.506981 0.024934 0.041140
3 0.279255 0.314993 0.028258 0.041140
3 0.425947 0.663439 0.025765 0.037400