0 0.975731 0.180036 0.048538 0.049911
0 0.925324 0.157754 0.071283 0.051693
0 0.731671 0.150624 0.054651 0.040998
0 0.666608 0.200797 0.102033 0.084932
0 0.614893 0.167768 0.048920 0.033554
0 0.558984 0.167243 0.068488 0.034602
3 0.482110 0.193457 0.076874 0.087029
3 0.598819 0.227535 0.044727 0.069204
3 0.808476 0.220195 0.162135 0.159379
2 0.791704 0.436720 0.341042 0.313516
2 0.612796 0.349166 0.192885 0.176156
2 0.505172 0.282059 0.103431 0.157282
3 0.352123 0.263185 0.065693 0.069204
0 0.414321 0.157282 0.053113 0.031456
0 0.296214 0.142602 0.046125 0.027262
0 0.256379 0.155709 0.058704 0.028311
0 0.273152 0.181923 0.064295 0.030408
0 0.187193 0.204467 0.107624 0.058719
0 0.226329 0.244312 0.143965 0.071301
0 0.181602 0.147321 0.043329 0.028311
0 0.077472 0.160428 0.058704 0.029359
0 0.023660 0.169865 0.046125 0.035651
3 0.099137 0.232253 0.096442 0.091224
2 0.407332 0.376429 0.201271 0.209710
2 0.189289 0.451924 0.265566 0.260040
2 0.051614 0.383768 0.099238 0.165671