1 0.897243 0.423033 0.175176 0.138146
1 0.587082 0.413165 0.159923 0.137510
1 0.302655 0.425898 0.180791 0.178253
2 0.106143 0.434174 0.151595 0.154062
2 0.758000 0.408072 0.130259 0.112045
0 0.926439 0.330405 0.083096 0.042017
0 0.784453 0.335939 0.070946 0.051191
0 0.668360 0.321998 0.032248 0.030623
0 0.618779 0.321084 0.083039 0.070844
0 0.567988 0.297317 0.052403 0.025138
0 0.525663 0.316971 0.082233 0.041592
1 0.469228 0.401070 0.090295 0.119292
0 0.422241 0.313216 0.079054 0.051948
0 0.464463 0.294882 0.048510 0.029539
0 0.323872 0.301502 0.121276 0.083524
0 0.210177 0.284441 0.066587 0.054495
0 0.159689 0.325869 0.093343 0.061275
0 0.066346 0.317513 0.079587 0.065731
0 0.136108 0.268215 0.059936 0.037322
0 0.017709 0.284926 0.033407 0.045120