0 0.898081 0.264234 0.085748 0.056622
0 0.840295 0.241690 0.070835 0.057670
1 0.962089 0.348118 0.075822 0.146797
1 0.884101 0.359652 0.139806 0.132117
1 0.659478 0.394254 0.275885 0.199224
1 0.460021 0.364895 0.152855 0.155185
1 0.212098 0.351264 0.294525 0.228583
1 0.055515 0.367516 0.108117 0.179302
0 0.769890 0.229017 0.041334 0.036426
0 0.676888 0.237929 0.125380 0.075951
0 0.583198 0.239092 0.067512 0.064326
0 0.534975 0.217779 0.059245 0.041851
0 0.471596 0.243742 0.095068 0.064326
0 0.306260 0.217779 0.073024 0.040301
0 0.181568 0.188716 0.162581 0.120127