1 0.914632 0.399497 0.153510 0.150991
1 0.788865 0.379050 0.123918 0.131068
0 0.932203 0.294118 0.092476 0.074447
0 0.980897 0.253224 0.038205 0.057670
0 0.811059 0.293593 0.083228 0.054524
0 0.856372 0.268428 0.048088 0.044039
0 0.809209 0.261613 0.046238 0.034602
0 0.744476 0.284156 0.072131 0.058719
0 0.698238 0.278914 0.053636 0.039845
2 0.581718 0.357555 0.234889 0.180350
2 0.432832 0.359128 0.155360 0.149942
2 0.361625 0.342351 0.179404 0.131068
2 0.252503 0.332914 0.105423 0.114292
0 0.568772 0.219146 0.120219 0.071301
0 0.494791 0.244312 0.090627 0.056622
0 0.353302 0.237496 0.092476 0.055573
0 0.297817 0.238545 0.059185 0.045088
0 0.254353 0.244836 0.064733 0.038796
0 0.037959 0.258991 0.049937 0.056622