3 0.966090 0.295622 0.043883 0.068126
3 0.886968 0.296543 0.050532 0.062602
3 0.825798 0.300225 0.031915 0.062602
3 0.774601 0.277209 0.059840 0.093903
3 0.685505 0.299304 0.041223 0.064444
3 0.597739 0.271686 0.083777 0.112316
3 0.491356 0.302987 0.035904 0.071809
3 0.447473 0.300225 0.041223 0.077332
3 0.385638 0.276289 0.039894 0.095745
3 0.313165 0.279971 0.107713 0.198854
3 0.216755 0.270765 0.063830 0.073650
3 0.140293 0.291019 0.043883 0.077332
3 0.055851 0.254194 0.071809 0.132570
2 0.956117 0.393208 0.063830 0.167553
2 0.871676 0.396890 0.086436 0.171236
2 0.763963 0.407938 0.089096 0.197013
2 0.664894 0.387684 0.074468 0.152823
2 0.574468 0.431874 0.106383 0.255933
2 0.448803 0.395049 0.062500 0.156506
2 0.272606 0.472381 0.148936 0.281710
2 0.059840 0.440160 0.111702 0.217267
2 0.383644 0.418985 0.089096 0.211743