1 0.940038 0.339127 0.096653 0.095365
0 0.940038 0.270499 0.052288 0.025847
0 0.814864 0.255348 0.052288 0.022282
0 0.783967 0.321747 0.053872 0.024955
0 0.736433 0.337344 0.060210 0.029412
0 0.650079 0.274510 0.204397 0.103387
0 0.447267 0.239750 0.049119 0.024955
0 0.423500 0.298574 0.064963 0.032086
0 0.327639 0.243316 0.057041 0.028520
1 0.331600 0.291889 0.087146 0.045455
0 0.248416 0.238414 0.060210 0.022282
0 0.237324 0.290107 0.057041 0.029412
0 0.186621 0.309715 0.057041 0.027629
0 0.169192 0.396168 0.066548 0.036542
0 0.255546 0.399287 0.061794 0.037433
0 0.114528 0.235294 0.068132 0.026738
3 0.108190 0.321747 0.052288 0.042781
1 0.117697 0.281194 0.102991 0.036542
1 0.402902 0.481283 0.461081 0.324421
3 0.863191 0.356506 0.066548 0.051693