1 0.963795 0.328342 0.072410 0.104813
1 0.882591 0.325134 0.064646 0.104100
1 0.793226 0.344742 0.159715 0.130481
1 0.679144 0.324421 0.096336 0.104100
1 0.575203 0.321925 0.103941 0.093405
1 0.485205 0.296613 0.093801 0.074153
1 0.187958 0.335472 0.150842 0.111943
0 0.919629 0.246812 0.060129 0.033822
1 0.798403 0.244693 0.079224 0.037271
1 0.682448 0.246719 0.054736 0.031599
1 0.643557 0.237806 0.043213 0.028358
1 0.570815 0.253606 0.050415 0.025928
1 0.475747 0.239831 0.047534 0.027548
1 0.188805 0.235110 0.083048 0.041183
1 0.156569 0.218821 0.064472 0.030733