2 0.107048 0.785732 0.200798 0.428536
2 0.155585 0.507940 0.130319 0.290392
2 0.289894 0.664480 0.164894 0.571709
2 0.464761 0.617972 0.176862 0.469618
2 0.902926 0.401312 0.146277 0.535410
2 0.789894 0.442149 0.140957 0.299467
2 0.651596 0.454626 0.117021 0.369796
2 0.490027 0.378625 0.110372 0.190570
3 0.679521 0.236832 0.082447 0.156539
3 0.895612 0.066681 0.105053 0.129315
0 0.204787 0.273131 0.162234 0.201913
0 0.051197 0.445552 0.099734 0.201913
0 0.226729 0.168772 0.057181 0.070329
0 0.316489 0.184653 0.047872 0.065792
0 0.351729 0.291281 0.139628 0.170151
0 0.518617 0.208474 0.106383 0.136121
0 0.599734 0.439880 0.117021 0.226869
0 0.782580 0.207340 0.073138 0.106628
0 0.974734 0.065547 0.050532 0.122509