0 0.961261 0.263480 0.077478 0.067959
0 0.847259 0.240642 0.095068 0.062389
1 0.932542 0.421123 0.134915 0.218360
1 0.828444 0.372660 0.168350 0.172683
1 0.573938 0.433935 0.253516 0.170455
1 0.449161 0.423351 0.186175 0.191622
1 0.232286 0.369318 0.104971 0.177139
0 0.695329 0.267380 0.084505 0.052627
0 0.561026 0.287751 0.141848 0.072999
0 0.398806 0.255921 0.086014 0.055174
0 0.496138 0.264409 0.084505 0.051778
0 0.298456 0.275444 0.081487 0.048383
0 0.247904 0.244886 0.086014 0.038197
0 0.175471 0.241066 0.058852 0.037348
0 0.087948 0.237671 0.046780 0.028860