1 0.962089 0.348642 0.075822 0.158331
1 0.674391 0.322953 0.178952 0.104855
1 0.268020 0.287302 0.167768 0.123729
1 0.406895 0.297788 0.068971 0.113243
1 0.071360 0.337108 0.128622 0.131068
1 0.885973 0.269838 0.063379 0.062696
0 0.979593 0.213289 0.040814 0.034421
0 0.950444 0.205913 0.050266 0.027045
0 0.893075 0.223431 0.033875 0.017825
0 0.682177 0.226504 0.086326 0.043641
0 0.691465 0.189317 0.085234 0.036880
0 0.455980 0.210830 0.055730 0.029504
0 0.364736 0.201303 0.083048 0.036265
0 0.258194 0.179790 0.095068 0.054705
0 0.185527 0.204684 0.067750 0.031963
0 0.092644 0.210830 0.076492 0.035651
0 0.054944 0.237876 0.079770 0.043027