1 0.542727 0.604845 0.386035 0.211473
1 0.124282 0.437530 0.116675 0.097229
0 0.978065 0.392157 0.043870 0.032410
0 0.920119 0.399449 0.074902 0.037271
0 0.871865 0.401475 0.047534 0.028358
0 0.837295 0.344353 0.056177 0.035651
0 0.776796 0.376357 0.067700 0.026738
0 0.693252 0.351645 0.061938 0.027548
0 0.683889 0.410792 0.060498 0.037271
0 0.613308 0.400259 0.066260 0.034030
0 0.601064 0.351645 0.050415 0.032410
0 0.493752 0.428213 0.172852 0.094798
0 0.423891 0.346783 0.059058 0.025928
0 0.379958 0.482094 0.080664 0.035651
0 0.309377 0.386890 0.063379 0.036461
0 0.289211 0.332604 0.063379 0.028358
0 0.118520 0.360557 0.056177 0.027548
2 0.803444 0.452115 0.175732 0.068060
0 0.636355 0.456976 0.086426 0.048614
2 0.222951 0.469940 0.218945 0.069681
3 0.232314 0.418895 0.070581 0.046994
3 0.811367 0.404310 0.067700 0.048614