0 0.810173 0.363697 0.025931 0.024934
0 0.745346 0.359209 0.027926 0.027926
2 0.804521 0.421044 0.029255 0.059840
2 0.742354 0.445479 0.069814 0.106715
2 0.537234 0.364694 0.075798 0.176529
2 0.407119 0.265702 0.051146 0.144231
2 0.433715 0.630115 0.102291 0.164178
2 0.307385 0.366203 0.099223 0.194865
2 0.197934 0.314802 0.091039 0.279255
0 0.537864 0.206467 0.038494 0.045143
0 0.437430 0.481523 0.040594 0.049342
0 0.410334 0.132029 0.037994 0.044168
0 0.312975 0.204692 0.037044 0.044168
0 0.232713 0.118019 0.066489 0.079787