0 0.052291 0.202865 0.064153 0.031521
0 0.130106 0.248869 0.066766 0.034076
0 0.198239 0.244994 0.037423 0.018791
0 0.313714 0.220444 0.199944 0.078802
0 0.424022 0.208927 0.096230 0.029096
0 0.578061 0.226851 0.033629 0.017494
0 0.664418 0.201047 0.069499 0.027884
0 0.669764 0.234992 0.080191 0.031521
0 0.735699 0.248934 0.088745 0.043644
0 0.808406 0.222869 0.101576 0.054555
0 0.944031 0.222263 0.111937 0.060617
1 0.909435 0.368400 0.181130 0.178517
1 0.784387 0.354004 0.104249 0.141844
1 0.716225 0.359914 0.128306 0.131842
1 0.594334 0.322180 0.147552 0.147300
1 0.297358 0.436291 0.294570 0.231860
1 0.049752 0.364915 0.063453 0.192762
1 0.129904 0.323725 0.069948 0.092275
1 0.446013 0.338595 0.061877 0.137268