0 0.743362 0.202894 0.149127 0.089127
1 0.760139 0.363846 0.253516 0.199224
0 0.970478 0.261613 0.059044 0.040893
1 0.953701 0.365943 0.092598 0.106952
1 0.540177 0.387438 0.164039 0.162525
1 0.380798 0.368565 0.106253 0.137360
1 0.265224 0.362798 0.165904 0.169865
1 0.146855 0.390584 0.197593 0.200273
1 0.045262 0.329768 0.087612 0.154137
0 0.651090 0.226486 0.072699 0.052427
0 0.534585 0.254797 0.123030 0.073398
0 0.431250 0.266955 0.063379 0.048383
0 0.357308 0.265258 0.087523 0.051778
0 0.245640 0.240642 0.096577 0.063662
0 0.132464 0.242339 0.117704 0.080638
0 0.036641 0.214328 0.067906 0.056871