2 0.596356 0.538919 0.221826 0.148544
1 0.866091 0.485505 0.178462 0.128530
1 0.320699 0.660475 0.271862 0.230791
1 0.158916 0.585421 0.201812 0.178253
1 0.063014 0.490665 0.120086 0.153861
0 0.336544 0.481283 0.143436 0.088188
0 0.167256 0.451731 0.125090 0.068487
0 0.646767 0.434375 0.093400 0.060043
0 0.409930 0.399193 0.066715 0.040341
1 0.414934 0.494418 0.120086 0.120086
1 0.711814 0.442349 0.110079 0.107890
1 0.461634 0.402946 0.080058 0.070363
1 0.253985 0.409044 0.111747 0.076930
0 0.068852 0.367295 0.115083 0.057229
0 0.900282 0.386059 0.080058 0.053476
0 0.261781 0.343480 0.073129 0.035651
0 0.979474 0.376388 0.041052 0.031537
0 0.844988 0.379816 0.059722 0.030166
0 0.780391 0.352735 0.045097 0.030852
0 0.721887 0.359249 0.062160 0.032908
0 0.635960 0.363705 0.058504 0.036336
1 0.824166 0.423953 0.077939 0.045286
1 0.774491 0.393361 0.074513 0.047695
1 0.600627 0.422990 0.103633 0.082864
1 0.542816 0.387098 0.070231 0.063111
1 0.407065 0.360360 0.072800 0.060702
1 0.350538 0.365419 0.060809 0.063111
0 0.541793 0.340052 0.048753 0.027424
0 0.466226 0.349879 0.050378 0.029709
0 0.869657 0.350793 0.038190 0.023310
0 0.609641 0.336853 0.041440 0.023767
0 0.688458 0.336396 0.038190 0.025595
0 0.422754 0.309201 0.057691 0.024224
0 0.356125 0.314000 0.041440 0.021939
0 0.272839 0.305544 0.047128 0.020568
0 0.607610 0.319484 0.029252 0.015540
0 0.653925 0.329311 0.027627 0.016911
0 0.757931 0.329540 0.042253 0.018282
0 0.759556 0.298231 0.019501 0.009598
0 0.803840 0.302802 0.028439 0.012341
0 0.818466 0.346451 0.038190 0.020111
0 0.861125 0.323827 0.034127 0.015997
0 0.500353 0.306230 0.030877 0.014626
0 0.511729 0.327026 0.034127 0.016911
0 0.574295 0.321770 0.024376 0.014626
0 0.595015 0.283834 0.000813 0.000000
0 0.690490 0.316742 0.034127 0.013712
2 0.193527 0.369190 0.070692 0.074729