1 0.888278 0.554444 0.223444 0.203775
3 0.878790 0.386923 0.182245 0.093762
2 0.620980 0.516940 0.071120 0.056257
3 0.615519 0.476485 0.040538 0.021853
3 0.499815 0.469834 0.052362 0.025653
2 0.514173 0.518765 0.050673 0.057007
1 0.379889 0.561045 0.157086 0.149169
3 0.374822 0.432304 0.092901 0.064608
3 0.299657 0.475059 0.037160 0.015202
2 0.271787 0.524941 0.042228 0.061758
3 0.215202 0.478860 0.050673 0.028504
2 0.206756 0.533017 0.060808 0.066508
3 0.031090 0.480285 0.054051 0.040855
2 0.062338 0.560095 0.106413 0.103563