0 0.984852 0.434046 0.030295 0.098039
0 0.768307 0.457219 0.049513 0.058824
0 0.706750 0.425134 0.081630 0.108734
0 0.651215 0.411765 0.058880 0.078431
0 0.541484 0.419786 0.040146 0.037433
0 0.541484 0.450980 0.029440 0.032086
0 0.474574 0.414439 0.042822 0.048128
0 0.448480 0.454545 0.054866 0.071301
0 0.403650 0.418895 0.053528 0.057041
0 0.298602 0.435829 0.054866 0.051693
3 0.223664 0.433155 0.041484 0.057041
2 0.211620 0.513369 0.078953 0.103387
2 0.968125 0.592692 0.063750 0.204991
2 0.734183 0.618538 0.125790 0.281640
2 0.646532 0.573084 0.070924 0.219251
2 0.473905 0.611408 0.078953 0.210339
2 0.326035 0.561497 0.096350 0.156863
2 0.405658 0.748663 0.148539 0.213904
2 0.620437 0.831551 0.246227 0.336898
2 0.271169 0.666667 0.088321 0.103387
2 0.147387 0.593583 0.054866 0.078431
3 0.575608 0.617647 0.111070 0.180036
3 0.358821 0.629234 0.073600 0.110517
3 0.237046 0.592692 0.052189 0.080214