1 0.603519 0.650616 0.110475 0.189121
1 0.496624 0.619864 0.086948 0.192197
1 0.413257 0.587575 0.073650 0.207572
1 0.324775 0.458419 0.111498 0.229098
1 0.681772 0.590650 0.084902 0.195272
1 0.763605 0.568355 0.070581 0.196809
1 0.819865 0.525303 0.064444 0.162983
3 0.582549 0.522997 0.046031 0.099942
3 0.471563 0.476870 0.049100 0.099942
3 0.414791 0.454575 0.048077 0.095330
3 0.326821 0.334644 0.086948 0.116856
3 0.957958 0.333875 0.031710 0.063040
3 0.876637 0.403835 0.042962 0.055353
3 0.807590 0.402297 0.039894 0.073804
3 0.862316 0.328494 0.030687 0.070728
3 0.764628 0.447656 0.039894 0.084567
3 0.712459 0.393841 0.037848 0.059965
3 0.737520 0.330032 0.028642 0.064578
3 0.785597 0.311581 0.030687 0.061503
3 0.618863 0.380003 0.034779 0.069191
3 0.563114 0.384615 0.037848 0.066116
3 0.580503 0.427667 0.041939 0.084567
3 0.667451 0.473026 0.037848 0.070728
3 0.625511 0.455344 0.025573 0.059965