1 0.923537 0.862578 0.152926 0.266841
1 0.715426 0.847301 0.188830 0.301470
1 0.242021 0.860541 0.146277 0.242398
1 0.065824 0.840172 0.107713 0.279063
3 0.930851 0.696566 0.101064 0.207770
3 0.759973 0.695548 0.073138 0.164994
3 0.589761 0.440928 0.075798 0.099811
3 0.389628 0.368616 0.066489 0.118144
3 0.232048 0.688419 0.110372 0.183326
3 0.055851 0.647679 0.101064 0.162957
3 0.142952 0.588608 0.073138 0.122217
1 0.380319 0.739342 0.098404 0.199622
2 0.614362 0.616107 0.202128 0.340172
3 0.847739 0.639532 0.043883 0.105922
3 0.752660 0.587589 0.050532 0.071294
3 0.370346 0.597774 0.051862 0.087589
3 0.315824 0.562127 0.035904 0.073330
2 0.444149 0.488797 0.125000 0.289248