0 0.172155 0.433187 0.117690 0.053901
0 0.346272 0.426335 0.066100 0.036543
0 0.408341 0.435471 0.032244 0.032889
0 0.448646 0.433644 0.035468 0.021926
0 0.527644 0.447348 0.029019 0.016444
0 0.560694 0.459224 0.030632 0.014617
0 0.590797 0.463423 0.049538 0.012236
0 0.705751 0.466662 0.030485 0.015835
0 0.806733 0.466662 0.041917 0.018714
0 0.903269 0.465222 0.036836 0.015835
0 0.858177 0.582188 0.048268 0.013676
0 0.471423 0.446028 0.047291 0.015835
1 0.148443 0.559368 0.127303 0.162752
1 0.301363 0.522859 0.094701 0.110847
1 0.388302 0.529896 0.041917 0.093252
1 0.431771 0.517140 0.020182 0.073018
1 0.460492 0.503944 0.037260 0.073018
1 0.882767 0.605994 0.142828 0.021993
2 0.517934 0.499106 0.052784 0.063341
2 0.580033 0.509223 0.040365 0.060702
2 0.705784 0.496906 0.068309 0.032550
2 0.804367 0.498666 0.079177 0.029031
2 0.909159 0.501745 0.077624 0.033430