0 0.033048 0.196330 0.058379 0.027018
0 0.154573 0.137904 0.144161 0.046606
0 0.138489 0.194304 0.183478 0.058088
0 0.323754 0.205449 0.055996 0.041202
0 0.359496 0.231116 0.089356 0.037150
0 0.444682 0.202747 0.073868 0.031746
0 0.466723 0.237195 0.101270 0.037150
0 0.558462 0.210852 0.137013 0.074975
0 0.705999 0.240572 0.133438 0.070922
0 0.778675 0.213554 0.071485 0.031746
0 0.883520 0.213554 0.119141 0.052009
0 0.956792 0.202409 0.058379 0.041878
1 0.892709 0.379299 0.214582 0.212640
2 0.722334 0.414520 0.310073 0.189731
1 0.355592 0.323392 0.081261 0.104868
1 0.476948 0.359459 0.167867 0.204886
1 0.178102 0.376129 0.314350 0.193368
1 0.154579 0.259744 0.295104 0.058799