1 0.653590 0.564827 0.083777 0.203457
0 0.645778 0.423177 0.045988 0.093085
0 0.534408 0.442708 0.024934 0.035738
0 0.608655 0.467642 0.021609 0.025765
0 0.515016 0.445202 0.017176 0.027427
0 0.472629 0.441046 0.028812 0.039062
0 0.424701 0.452266 0.026042 0.033245
0 0.360428 0.456422 0.029366 0.029920
0 0.403369 0.477615 0.021055 0.020778
0 0.275192 0.468381 0.027335 0.029920
0 0.233821 0.468381 0.030290 0.036569
2 0.239362 0.567099 0.057624 0.116356
2 0.365691 0.544039 0.061796 0.097387
2 0.427487 0.536413 0.047716 0.103254
2 0.477941 0.533479 0.065707 0.109121
2 0.283558 0.558120 0.043023 0.106774