0 0.304397 0.499429 0.011220 0.011855
0 0.380444 0.494125 0.012882 0.021215
0 0.062542 0.487886 0.041140 0.038686
0 0.116564 0.550906 0.030336 0.036190
0 0.170587 0.555274 0.029505 0.033694
0 0.220038 0.549658 0.021193 0.027454
0 0.229596 0.538739 0.017869 0.020591
0 0.274684 0.545914 0.018285 0.018719
3 0.326421 0.554026 0.018700 0.034942
3 0.259101 0.574304 0.024518 0.040558
0 0.359826 0.554644 0.024006 0.028690
0 0.394157 0.554026 0.023687 0.024958
0 0.339304 0.548098 0.012882 0.025582
3 0.228973 0.502861 0.014129 0.026206
3 0.733685 0.514848 0.017901 0.025342
0 0.021737 0.580124 0.043474 0.051453
0 0.196911 0.611610 0.061375 0.066812
0 0.290252 0.590491 0.043474 0.056829
0 0.262633 0.664983 0.120192 0.112121
0 0.394077 0.600859 0.047565 0.052989
0 0.423742 0.566685 0.033245 0.035326
0 0.441387 0.554014 0.020458 0.031486
0 0.459800 0.550558 0.015344 0.023039
0 0.547003 0.544414 0.017901 0.016895
0 0.569507 0.556317 0.019947 0.019199
0 0.866919 0.603162 0.046031 0.048381
0 0.836232 0.587803 0.029664 0.042237
0 0.816541 0.567453 0.024038 0.029182
0 0.774857 0.576668 0.023527 0.029182
0 0.752864 0.583964 0.035802 0.040702
0 0.723455 0.562077 0.021993 0.024574
0 0.692001 0.591643 0.030687 0.037630
0 0.697115 0.650008 0.060352 0.071420
0 0.682795 0.550174 0.018412 0.019199
0 0.650573 0.560157 0.024550 0.028414
0 0.646225 0.603930 0.038359 0.037630
0 0.671031 0.565149 0.021481 0.023039
0 0.636508 0.551710 0.014832 0.019199
0 0.618095 0.557469 0.019947 0.018431
0 0.584339 0.565149 0.021993 0.024574
0 0.606332 0.577052 0.035291 0.042237
2 0.245346 0.879285 0.230053 0.241430
2 0.706117 0.835442 0.140957 0.277538
2 0.852394 0.721631 0.103723 0.165724
2 0.640957 0.690683 0.066489 0.095841
2 0.598404 0.662729 0.066489 0.131781
2 0.156250 0.732613 0.091755 0.139767
2 0.071809 0.585857 0.053191 0.117804
2 0.545671 0.590683 0.031181 0.053704
2 0.428512 0.647485 0.050899 0.086064
2 0.450752 0.613404 0.033933 0.046819