0 0.274995 0.385854 0.106022 0.038168
0 0.563602 0.473674 0.060025 0.034253
0 0.651900 0.504013 0.036537 0.023488
0 0.794132 0.491045 0.035667 0.017127
0 0.885909 0.538021 0.026098 0.014191
0 0.898088 0.527011 0.024358 0.010765
0 0.918097 0.528968 0.020878 0.007829
1 0.297405 0.478567 0.143538 0.133098
1 0.598834 0.527256 0.090472 0.076825
1 0.911572 0.543893 0.030447 0.022999
1 0.946804 0.552212 0.040017 0.032785
2 0.695396 0.524075 0.100911 0.046976
2 0.765860 0.516001 0.066114 0.020063
2 0.813706 0.520650 0.041756 0.046976
2 0.898523 0.556371 0.065244 0.029360