1 0.107191 0.528592 0.182013 0.206475
1 0.158237 0.460324 0.111779 0.143837
1 0.575078 0.520366 0.107121 0.018475
2 0.239742 0.441189 0.037260 0.060702
2 0.284495 0.443043 0.033617 0.059634
2 0.380630 0.441189 0.039588 0.039588
2 0.450491 0.431292 0.039588 0.032990
2 0.494737 0.438550 0.039588 0.029031
2 0.570595 0.427585 0.112128 0.037766
2 0.713637 0.434591 0.062876 0.039588
2 0.946509 0.442509 0.100135 0.084455
0 0.050849 0.365155 0.101698 0.044113
0 0.165572 0.351016 0.119763 0.022622
0 0.233438 0.387777 0.043913 0.014704
0 0.279347 0.400219 0.031937 0.023753
0 0.373161 0.411530 0.051897 0.014704
0 0.456995 0.402481 0.035929 0.019229
0 0.510888 0.401915 0.031937 0.027146
0 0.714485 0.398522 0.047905 0.020360
0 0.953013 0.371376 0.085830 0.033933
0 0.552805 0.499755 0.051897 0.019229