0 0.549202 0.229685 0.042553 0.073507
2 0.938830 0.882194 0.122340 0.235612
2 0.877660 0.660055 0.101064 0.203922
3 0.952793 0.667169 0.094414 0.208664
3 0.716755 0.310305 0.058511 0.087734
3 0.228059 0.475103 0.059840 0.113817
3 0.112367 0.489330 0.062500 0.099590
3 0.027926 0.577064 0.050532 0.142271
3 0.770612 0.486958 0.051862 0.080620
3 0.884309 0.513042 0.077128 0.170725
2 0.713431 0.463247 0.073138 0.232376
2 0.544548 0.399225 0.091755 0.227634
2 0.204787 0.604332 0.101064 0.158870
2 0.105053 0.668354 0.090426 0.244232
2 0.043218 0.775058 0.086436 0.234748