0 0.243905 0.476855 0.076553 0.036700
0 0.523586 0.494471 0.044366 0.033764
0 0.585350 0.505725 0.044366 0.027892
0 0.675823 0.474897 0.030447 0.018105
0 0.736282 0.519916 0.038277 0.023977
0 0.886779 0.527745 0.019138 0.010276
0 0.871556 0.525788 0.014789 0.010276
1 0.322198 0.506949 0.210522 0.067528
1 0.658424 0.544627 0.101781 0.073400
1 0.708880 0.504013 0.053065 0.051869
1 0.777169 0.550499 0.069594 0.048933
1 0.922011 0.547318 0.037407 0.026913
2 0.470955 0.552456 0.095692 0.079272
2 0.805006 0.523830 0.060895 0.016148
2 0.848068 0.540712 0.035667 0.029360
2 0.900263 0.547808 0.042626 0.031807
3 0.459211 0.506215 0.047846 0.032785