1 0.921682 0.396401 0.144866 0.129021
1 0.736827 0.412104 0.279169 0.187590
1 0.623650 0.393430 0.161465 0.168916
1 0.496138 0.356931 0.153920 0.136661
1 0.269030 0.409133 0.194664 0.157881
1 0.188298 0.390459 0.156938 0.151091
0 0.935181 0.288976 0.088974 0.051419
0 0.898007 0.250926 0.063379 0.041135
0 0.756014 0.272864 0.115788 0.060332
0 0.622553 0.263609 0.095068 0.052790
0 0.512859 0.245784 0.073129 0.050048
0 0.394633 0.267037 0.080442 0.040450
0 0.253858 0.285205 0.118226 0.071301
0 0.136851 0.254696 0.088974 0.047306
0 0.037041 0.274921 0.074082 0.039764
0 0.321503 0.261552 0.060941 0.040450
0 0.027337 0.231260 0.054674 0.029083