2 0.049465 0.472371 0.098930 0.295900
2 0.152406 0.419786 0.080214 0.204991
2 0.241979 0.503565 0.114973 0.262032
2 0.345588 0.464349 0.121658 0.279857
2 0.457888 0.468806 0.094920 0.163993
2 0.522727 0.439394 0.069519 0.151515
2 0.589572 0.408200 0.061497 0.135472
2 0.649733 0.392157 0.050802 0.156863
2 0.712567 0.333333 0.069519 0.117647
2 0.875668 0.436720 0.101604 0.245989
2 0.968583 0.361854 0.060160 0.167558
0 0.036096 0.263815 0.066845 0.096257
0 0.148396 0.271836 0.064171 0.073084
0 0.228610 0.306595 0.088235 0.114082
0 0.293449 0.263815 0.052139 0.071301
0 0.358289 0.270945 0.072193 0.089127
0 0.872883 0.260695 0.074643 0.078728
0 0.426136 0.263666 0.036765 0.051990
0 0.461787 0.303773 0.065731 0.072787
0 0.513592 0.289661 0.060160 0.056447
0 0.542001 0.237671 0.034537 0.047534
0 0.587121 0.283720 0.060160 0.062389
0 0.640597 0.236928 0.044563 0.049020
3 0.716912 0.252525 0.034537 0.059418
3 0.960339 0.252525 0.037879 0.065359