0 0.904605 0.391633 0.128622 0.080738
0 0.508487 0.700954 0.268428 0.168816
0 0.093729 0.634896 0.177088 0.131068
0 0.678119 0.519555 0.160311 0.110098
1 0.501031 0.917846 0.510759 0.164307
1 0.134942 0.856506 0.269884 0.286988
1 0.161768 0.632274 0.249787 0.190836
1 0.882236 0.561497 0.233011 0.210758
1 0.548565 0.509070 0.210642 0.191884
1 0.734042 0.457691 0.164039 0.112195
1 0.296914 0.475516 0.225554 0.160428
1 0.427400 0.397924 0.109981 0.135263
1 0.080680 0.440390 0.154719 0.142602
1 0.182273 0.381147 0.089476 0.091224
0 0.160836 0.469749 0.154719 0.088078
0 0.726585 0.363846 0.100661 0.048233
0 0.554157 0.359128 0.109981 0.074447
0 0.279205 0.358079 0.108117 0.068156
0 0.094661 0.336060 0.085748 0.055573
0 0.408618 0.300427 0.076146 0.051343
0 0.268953 0.301982 0.083884 0.050330
0 0.614740 0.320331 0.082020 0.051379
0 0.728449 0.310370 0.074563 0.039845
0 0.867324 0.272098 0.087612 0.038796
0 0.881304 0.342351 0.067107 0.040893
0 0.981662 0.222816 0.036676 0.019922
0 0.752658 0.272604 0.056822 0.030119
0 0.728618 0.241256 0.052451 0.021513
0 0.655405 0.234188 0.043710 0.023357
0 0.622076 0.252013 0.060101 0.034421
0 0.180609 0.303645 0.075399 0.044256
0 0.118323 0.305182 0.057915 0.039953
0 0.131436 0.265843 0.053544 0.032577
0 0.200279 0.261233 0.060101 0.033192
0 0.282780 0.248325 0.052451 0.036880
0 0.329768 0.273834 0.063379 0.031348
0 0.385498 0.260926 0.056822 0.028889
0 0.431393 0.261540 0.032782 0.025201
0 0.506792 0.276292 0.059008 0.037495
0 0.567439 0.236646 0.042617 0.020899
1 0.389869 0.233573 0.063379 0.029504
1 0.473464 0.245559 0.051359 0.043641
2 0.669731 0.708818 0.315030 0.257943
2 0.967227 0.272826 0.065546 0.068330
0 0.477350 0.208457 0.030809 0.017825
0 0.390204 0.202515 0.032570 0.015845