0 0.982133 0.325015 0.035733 0.029709
0 0.942258 0.311943 0.039826 0.027332
0 0.904527 0.304813 0.048211 0.032086
0 0.860509 0.313725 0.077557 0.035651
1 0.855268 0.404635 0.113191 0.117647
1 0.737885 0.431967 0.121575 0.169935
1 0.606878 0.443256 0.182363 0.118835
0 0.744174 0.273916 0.088037 0.051099
0 0.713780 0.311349 0.106902 0.068925
0 0.613166 0.345811 0.132056 0.097445
0 0.575436 0.285205 0.052403 0.028520
0 0.521985 0.292335 0.054499 0.045157
1 0.516744 0.356506 0.077557 0.078431
1 0.406698 0.396316 0.075460 0.139037
1 0.318660 0.382056 0.108998 0.141414
1 0.219095 0.392157 0.178171 0.159239
1 0.087039 0.402258 0.169786 0.167558
0 0.455957 0.285799 0.052403 0.048723
0 0.399361 0.278075 0.073364 0.057041
0 0.373160 0.300059 0.075460 0.058229
0 0.294555 0.278075 0.090133 0.061794
0 0.207566 0.273916 0.096422 0.072490
0 0.052453 0.288176 0.096422 0.091503