2 0.912481 0.505575 0.075101 0.052454
2 0.815548 0.499142 0.073355 0.049485
2 0.709882 0.496173 0.050650 0.045527
2 0.586751 0.508050 0.055889 0.059382
2 0.520382 0.501617 0.062876 0.068290
1 0.883663 0.606031 0.125751 0.029691
1 0.463620 0.495183 0.040170 0.061362
1 0.439168 0.515472 0.047157 0.068290
1 0.398124 0.531803 0.027945 0.081156
1 0.324769 0.523885 0.108286 0.128662
1 0.151862 0.563968 0.192120 0.177158
0 0.184173 0.432337 0.134484 0.052454
0 0.350968 0.422440 0.073355 0.038599
0 0.417336 0.437286 0.031438 0.030681
0 0.455272 0.433142 0.019726 0.022356
0 0.484244 0.443272 0.028356 0.018863
0 0.529860 0.449211 0.030821 0.016767
0 0.592735 0.464580 0.038218 0.015370
0 0.711706 0.463882 0.044383 0.013972
0 0.814649 0.463882 0.025890 0.018164
0 0.907729 0.467724 0.032054 0.017465
0 0.859031 0.581249 0.043150 0.011178
0 0.566845 0.455847 0.020959 0.017465