0 0.019195 0.296620 0.038390 0.041220
0 0.138897 0.277222 0.166798 0.047281
0 0.243681 0.294801 0.059876 0.025459
0 0.293399 0.309955 0.056669 0.036370
0 0.327614 0.288133 0.031007 0.019397
0 0.352206 0.297529 0.050253 0.026065
0 0.409944 0.289042 0.069499 0.040613
0 0.514193 0.289649 0.081261 0.038189
0 0.615590 0.330868 0.054530 0.026065
0 0.685624 0.297529 0.109060 0.035764
0 0.800565 0.274797 0.116545 0.058192
0 0.885568 0.306015 0.027800 0.020004
0 0.929940 0.305409 0.043838 0.021216
0 0.980194 0.307834 0.037423 0.024853
0 0.957740 0.337536 0.084468 0.030915
2 0.140474 0.426770 0.271642 0.170888
2 0.371212 0.396037 0.133438 0.125633
2 0.490949 0.397388 0.108419 0.128335
2 0.623791 0.420691 0.126290 0.145221
2 0.826928 0.418327 0.241857 0.175616
1 0.950239 0.437915 0.095313 0.131037