0 0.903370 0.332914 0.193259 0.116389
0 0.810469 0.294118 0.141670 0.061864
0 0.658546 0.268953 0.132350 0.070253
0 0.482390 0.305652 0.123030 0.066059
0 0.363089 0.305127 0.134214 0.075495
0 0.471206 0.250079 0.104389 0.051379
0 0.775984 0.230156 0.080156 0.036699
0 0.336060 0.243787 0.098797 0.059767
0 0.255904 0.270001 0.083884 0.036699
0 0.181341 0.235923 0.076427 0.046136
0 0.070427 0.274720 0.048466 0.037748
1 0.856139 0.558876 0.277749 0.281011
1 0.715401 0.536332 0.264700 0.288351
1 0.392914 0.475516 0.264700 0.233826
1 0.212098 0.384293 0.104389 0.137360