1 0.299815 0.337435 0.140068 0.157604
1 0.135690 0.433816 0.254474 0.275202
1 0.612917 0.355923 0.118327 0.140025
1 0.770449 0.362288 0.166798 0.175790
1 0.877434 0.452304 0.080675 0.286719
1 0.533948 0.298034 0.037473 0.107898
0 0.933326 0.245499 0.130445 0.067891
0 0.797536 0.211554 0.128306 0.052131
0 0.655330 0.211857 0.091953 0.058799
0 0.612561 0.247924 0.062015 0.041220
0 0.559100 0.227920 0.064153 0.029096
0 0.573534 0.194581 0.045976 0.032733
0 0.498155 0.222768 0.051322 0.040613
0 0.737125 0.253986 0.048115 0.030309
0 0.280390 0.210947 0.103358 0.031521
0 0.216059 0.210947 0.058807 0.048494
0 0.094525 0.208523 0.172144 0.094563
1 0.497569 0.288083 0.041700 0.075468
1 0.455870 0.284900 0.051322 0.072740
1 0.946857 0.469025 0.106285 0.250045
1 0.251382 0.338546 0.101041 0.130933