0 0.973616 0.201092 0.052767 0.088012
1 0.922523 0.387701 0.154953 0.225045
1 0.800832 0.379345 0.174895 0.159314
1 0.627901 0.424465 0.088430 0.155971
1 0.457919 0.462344 0.279047 0.291889
0 0.796901 0.256239 0.119872 0.073529
0 0.895157 0.284648 0.056988 0.038993
0 0.666221 0.265709 0.094326 0.050134
0 0.613163 0.308044 0.086465 0.061275
0 0.596459 0.217246 0.119872 0.075758
0 0.495256 0.247883 0.235814 0.125891
0 0.362610 0.265709 0.072709 0.047906
1 0.322326 0.347594 0.121837 0.106952
1 0.246669 0.327540 0.076640 0.057932
0 0.289901 0.282420 0.064849 0.038993
0 0.196558 0.277963 0.078605 0.047906
0 0.119919 0.204434 0.129698 0.081328
0 0.043279 0.184938 0.074674 0.109180
1 0.115988 0.353164 0.169000 0.213904
2 0.053105 0.393828 0.106116 0.264037