2 0.286969 0.557041 0.407020 0.333333
2 0.676137 0.543672 0.371317 0.331551
0 0.278638 0.287879 0.195179 0.133690
0 0.683278 0.275401 0.209461 0.112299
0 0.053259 0.262626 0.103143 0.099822
0 0.201627 0.172906 0.158682 0.079620
0 0.460279 0.232323 0.187245 0.103387
0 0.807000 0.177065 0.185658 0.102198
0 0.433303 0.121212 0.142814 0.076055
0 0.567390 0.158645 0.176137 0.079620
0 0.836356 0.080808 0.120599 0.068925
0 0.718931 0.127154 0.111078 0.052288
0 0.960229 0.162805 0.079542 0.097445
0 0.249232 0.132501 0.130119 0.072490
0 0.115939 0.114082 0.111078 0.057041
0 0.041358 0.148544 0.072994 0.071301
0 0.374591 0.054070 0.095209 0.048723
0 0.534066 0.054664 0.087275 0.045157
0 0.733213 0.043969 0.088862 0.052288
0 0.576911 0.105764 0.087275 0.038027
0 0.052466 0.093286 0.079341 0.051099