0 0.907155 0.454951 0.141162 0.088316
0 0.414529 0.508427 0.144043 0.091557
0 0.541313 0.404477 0.050330 0.022544
0 0.461157 0.422040 0.044738 0.020971
0 0.399176 0.411555 0.043806 0.022020
0 0.281739 0.410506 0.040078 0.022020
0 0.193661 0.417060 0.044738 0.017301
0 0.164302 0.411293 0.032621 0.015204
0 0.130282 0.430953 0.026097 0.018874
1 0.582323 0.456643 0.039146 0.062913
1 0.531526 0.455070 0.056855 0.060816
1 0.453701 0.457691 0.067107 0.042990
1 0.290127 0.468439 0.090408 0.065534
1 0.271020 0.577750 0.292661 0.158331
1 0.930660 0.586962 0.138679 0.199474
1 0.019452 0.453272 0.038904 0.067906
0 0.071348 0.505899 0.043762 0.022069