0 0.104388 0.045292 0.094415 0.085036
0 0.519947 0.022646 0.053191 0.045292
2 0.930186 0.187019 0.115691 0.302352
2 0.786569 0.208278 0.102394 0.240936
3 0.782580 0.057102 0.057181 0.103933
3 0.718085 0.083085 0.061170 0.141727
3 0.570479 0.033275 0.042553 0.066550
3 0.450133 0.092534 0.070479 0.137003
2 0.526596 0.223632 0.098404 0.271644
2 0.448138 0.267331 0.148936 0.245661
2 0.705452 0.368902 0.139628 0.359043
2 0.189495 0.254339 0.089096 0.238574
2 0.272606 0.393705 0.148936 0.413371
1 0.084441 0.289771 0.128989 0.351956
3 0.662234 0.148044 0.066489 0.158262
3 0.299867 0.155130 0.075798 0.167711
3 0.188830 0.092534 0.047872 0.122830