0 0.921682 0.262711 0.063379 0.041592
0 0.925454 0.229183 0.052816 0.028860
0 0.853021 0.243613 0.092050 0.083185
0 0.782097 0.261438 0.067906 0.044139
0 0.767007 0.221119 0.070924 0.038197
0 0.628177 0.255496 0.092050 0.064511
0 0.648549 0.207113 0.057343 0.028860
0 0.492365 0.232153 0.116195 0.075545
0 0.434268 0.207538 0.078469 0.043290
0 0.238095 0.207538 0.090541 0.067057
1 0.838821 0.376931 0.220506 0.180481
1 0.637461 0.347965 0.142602 0.118093
1 0.496179 0.347594 0.169010 0.151515
1 0.285576 0.296717 0.159768 0.141860