0 0.785239 0.278960 0.038564 0.132388
0 0.728723 0.289598 0.082447 0.191489
0 0.486702 0.286052 0.085106 0.184397
0 0.380984 0.235225 0.067819 0.111111
0 0.355053 0.091017 0.034574 0.068558
0 0.289894 0.050827 0.045213 0.073286
0 0.198138 0.226950 0.071809 0.118203
0 0.038564 0.232861 0.077128 0.163121
1 0.807181 0.497636 0.069149 0.271868
1 0.730053 0.575650 0.159574 0.432624
1 0.412899 0.416076 0.083777 0.250591
1 0.297872 0.215130 0.090426 0.198582
1 0.040559 0.527187 0.081117 0.434988
2 0.501330 0.630024 0.196809 0.475177
2 0.187500 0.578014 0.164894 0.531915