0 0.973916 0.067545 0.044029 0.031521
2 0.955937 0.114826 0.088125 0.040527
0 0.032295 0.289548 0.036640 0.020610
0 0.085638 0.287426 0.046338 0.021216
0 0.105036 0.314401 0.063581 0.019397
0 0.060853 0.345921 0.054959 0.036370
0 0.162690 0.330464 0.077590 0.033339
0 0.113571 0.365985 0.100047 0.035277
0 0.187655 0.289025 0.034844 0.018826
0 0.243512 0.303490 0.036640 0.014548
0 0.290928 0.307430 0.038795 0.033339
0 0.341038 0.298943 0.048494 0.033339
0 0.367261 0.334101 0.093754 0.049100
0 0.248721 0.339860 0.076512 0.037583
0 0.354868 0.383504 0.114230 0.050918
0 0.512203 0.377442 0.092677 0.038795
0 0.442157 0.308945 0.086211 0.035158
0 0.459938 0.334404 0.063581 0.037583
0 0.511125 0.313794 0.047416 0.048494
0 0.566085 0.312784 0.038795 0.021014
0 0.715877 0.327433 0.043105 0.016367
0 0.908541 0.330140 0.049770 0.023641
0 0.826144 0.346937 0.048664 0.023641
0 0.861891 0.365042 0.071494 0.032478
0 0.941275 0.362801 0.117450 0.030484
0 0.658104 0.394841 0.101894 0.037327
0 0.853072 0.409819 0.084822 0.039912
0 0.242748 0.434819 0.455664 0.059102
2 0.132256 0.640662 0.247964 0.283688
2 0.596664 0.517730 0.159706 0.184397
1 0.496951 0.485708 0.101249 0.141844
1 0.237143 0.431979 0.112711 0.107458
1 0.826169 0.552332 0.189125 0.199871
2 0.345839 0.541290 0.217385 0.192386
0 0.183524 0.316320 0.040950 0.021216
0 0.205077 0.299954 0.038795 0.024853
0 0.617812 0.315108 0.040950 0.020004
0 0.581172 0.342689 0.045261 0.024247
0 0.627510 0.353903 0.071124 0.032127
0 0.628588 0.329050 0.038795 0.024853
0 0.736352 0.344406 0.051727 0.022428
0 0.716415 0.363197 0.059270 0.024853
0 0.765987 0.361985 0.044183 0.023641
0 0.727371 0.387040 0.053882 0.045463
0 0.936972 0.408862 0.076512 0.044250