2 0.143197 0.702317 0.163993 0.228164
2 0.383244 0.650624 0.121212 0.172311
2 0.624480 0.695781 0.140226 0.250743
2 0.850862 0.674391 0.141414 0.177065
2 0.877600 0.184195 0.152109 0.211527
2 0.651812 0.193108 0.106952 0.205585
2 0.428996 0.179441 0.141414 0.180630
2 0.168152 0.187760 0.133096 0.211527
3 0.171123 0.054070 0.046346 0.051099
3 0.394534 0.535948 0.048723 0.066548
0 0.434938 0.058229 0.046346 0.061794
0 0.641711 0.059418 0.051099 0.064171
0 0.876411 0.042781 0.059418 0.068925
0 0.844920 0.546049 0.053476 0.070113
0 0.613785 0.538324 0.052288 0.066548
0 0.137255 0.553773 0.049911 0.073678