0 0.205628 0.441867 0.083513 0.049912
0 0.483569 0.498875 0.040886 0.022020
0 0.594050 0.503034 0.023488 0.022509
0 0.684087 0.488109 0.036537 0.018105
0 0.804571 0.549276 0.028708 0.014191
0 0.803702 0.539244 0.023488 0.006851
1 0.473654 0.554031 0.000000 0.001193
1 0.280442 0.501321 0.125269 0.104228
1 0.363085 0.471961 0.109610 0.058231
1 0.870686 0.571540 0.056545 0.035232
1 0.830669 0.557839 0.039147 0.027403
2 0.524891 0.524809 0.113090 0.054316
2 0.631022 0.511353 0.078293 0.026424
2 0.696701 0.525298 0.056545 0.051380
2 0.817620 0.566892 0.068724 0.028871