1 0.768617 0.380789 0.087766 0.250585
1 0.738032 0.284691 0.050532 0.136241
1 0.511968 0.345513 0.050532 0.194629
1 0.543218 0.391737 0.033245 0.160569
1 0.474734 0.358894 0.050532 0.211659
1 0.432181 0.441611 0.079787 0.274914
1 0.359043 0.532844 0.117021 0.311407
1 0.250000 0.367409 0.045213 0.160569
1 0.223404 0.422148 0.079787 0.240854
1 0.152926 0.390521 0.093085 0.294377
1 0.047872 0.452559 0.087766 0.248153
0 0.786569 0.182511 0.057181 0.082718
0 0.736702 0.150883 0.042553 0.077852
0 0.566489 0.186160 0.031915 0.041359
0 0.550532 0.205623 0.029255 0.060822
0 0.546543 0.249415 0.042553 0.075419
0 0.509973 0.181294 0.030585 0.070553
0 0.472074 0.175212 0.045213 0.087583
0 0.418883 0.212922 0.061170 0.124076
0 0.369681 0.192242 0.037234 0.063255
0 0.347739 0.254280 0.083777 0.133808
0 0.247340 0.219004 0.047872 0.082718
0 0.212101 0.223870 0.035904 0.077852
0 0.158245 0.150883 0.071809 0.107046
0 0.030585 0.240900 0.058511 0.087583