1 0.950278 0.319158 0.099444 0.125626
1 0.754180 0.317885 0.172028 0.133265
1 0.563289 0.292420 0.086014 0.068755
1 0.387488 0.334012 0.162974 0.109498
1 0.157363 0.291147 0.064888 0.057720
1 0.220741 0.281810 0.064888 0.061115
0 0.968427 0.231411 0.063145 0.036287
0 0.921010 0.226954 0.061115 0.036287
0 0.866119 0.241278 0.057720 0.035651
0 0.749547 0.209766 0.087146 0.054113
0 0.679378 0.232684 0.073565 0.033741
0 0.628448 0.228546 0.048666 0.025465
0 0.561108 0.237459 0.047534 0.022918
0 0.452262 0.264656 0.065139 0.038126
0 0.383602 0.236928 0.075703 0.051000
0 0.437738 0.227520 0.046654 0.030204
0 0.213929 0.236757 0.036565 0.018282
0 0.158269 0.244984 0.037377 0.019196