1 0.937990 0.385182 0.124019 0.156553
1 0.800202 0.361544 0.148803 0.137177
1 0.628665 0.373169 0.219071 0.166628
1 0.453684 0.359994 0.172225 0.161978
1 0.315904 0.321243 0.095068 0.127877
1 0.209124 0.399132 0.223204 0.195303
1 0.057028 0.372394 0.114056 0.174378
0 0.812602 0.256142 0.099202 0.061226
0 0.635554 0.246454 0.095068 0.063551
0 0.705387 0.256684 0.046478 0.038027
0 0.501518 0.237671 0.044365 0.043969
0 0.443949 0.243316 0.091899 0.060012
0 0.375817 0.240642 0.050703 0.046346
0 0.301347 0.221034 0.083449 0.052288
0 0.205750 0.259358 0.118307 0.070707
0 0.049416 0.245989 0.095068 0.071301