1 0.113004 0.740642 0.195722 0.329768
1 0.382122 0.745989 0.176446 0.315508
2 0.631223 0.785205 0.200170 0.426025
2 0.891444 0.789661 0.198687 0.402852
2 0.552637 0.223708 0.277273 0.411765
2 0.846962 0.223708 0.272825 0.390374
2 0.084091 0.257576 0.146791 0.237077
2 0.325036 0.308378 0.115654 0.221034
2 0.186400 0.203209 0.120102 0.235294
3 0.101142 0.510695 0.077103 0.130125
3 0.625292 0.518717 0.099344 0.178253
3 0.895892 0.517825 0.100826 0.140820
3 0.316140 0.162210 0.056344 0.064171
3 0.170831 0.057932 0.074137 0.098039
3 0.090022 0.100713 0.078585 0.105169
0 0.480724 0.496435 0.136412 0.115865
0 0.327261 0.493761 0.134930 0.114082