2 0.731246 0.405788 0.288933 0.239069
2 0.391050 0.405264 0.167768 0.114292
2 0.175748 0.476565 0.329943 0.271574
1 0.954071 0.348336 0.091858 0.102496
1 0.465150 0.348708 0.054136 0.031937
1 0.257188 0.356878 0.092428 0.049762
0 0.934550 0.271093 0.060738 0.041592
0 0.577383 0.266637 0.133360 0.071301
0 0.534471 0.329026 0.034330 0.017825
0 0.461189 0.320856 0.038291 0.017825
0 0.387683 0.309484 0.043710 0.020284
0 0.349438 0.331612 0.069935 0.048559
0 0.310645 0.293503 0.046988 0.023972
0 0.245081 0.309177 0.049173 0.027045
0 0.087180 0.315631 0.150798 0.048559