0 0.924296 0.201062 0.151408 0.075789
0 0.239656 0.164905 0.101796 0.031289
0 0.267252 0.203147 0.058870 0.034070
0 0.308951 0.158995 0.063776 0.063969
0 0.406454 0.150304 0.111607 0.073008
0 0.485561 0.188198 0.112834 0.072313
0 0.573865 0.204190 0.206045 0.073703
0 0.013353 0.169324 0.026705 0.038795
1 0.020842 0.294195 0.037609 0.164878
1 0.245819 0.313592 0.085537 0.161241
1 0.360404 0.335111 0.110129 0.200643
1 0.597541 0.428563 0.327181 0.240044
1 0.905158 0.450385 0.189684 0.352791
1 0.092849 0.266161 0.069020 0.108421
0 0.043960 0.183827 0.043137 0.035053