0 0.106999 0.236710 0.073776 0.073347
0 0.143352 0.205189 0.063084 0.036976
0 0.197348 0.258027 0.051322 0.019802
0 0.299458 0.236104 0.028869 0.027278
0 0.343296 0.233982 0.035284 0.029096
0 0.381253 0.225799 0.038492 0.036976
0 0.431507 0.233376 0.040630 0.046069
0 0.505283 0.219737 0.074845 0.043038
0 0.617016 0.232770 0.174283 0.075165
0 0.745144 0.214888 0.053461 0.017579
0 0.771340 0.243074 0.063084 0.030309
0 0.829434 0.256612 0.074489 0.031521
0 0.980385 0.238225 0.039230 0.027884
1 0.955423 0.362086 0.083399 0.167707
1 0.812683 0.354408 0.180698 0.133358
1 0.585118 0.417147 0.223823 0.204280
1 0.426644 0.384009 0.078867 0.163868
1 0.128740 0.449476 0.234159 0.243479
1 0.217485 0.309450 0.122960 0.070922
1 0.362191 0.289073 0.083399 0.051221
0 0.217128 0.246004 0.056669 0.032127
0 0.260966 0.242064 0.041700 0.041220
0 0.873628 0.259340 0.052392 0.023641