0 0.068303 0.812681 0.095503 0.366296
0 0.196446 0.850127 0.160783 0.299746
0 0.318544 0.752841 0.134188 0.206721
0 0.363878 0.703881 0.084623 0.177708
0 0.445479 0.659454 0.093085 0.168641
0 0.609284 0.372945 0.070116 0.106987
0 0.673960 0.356625 0.068907 0.103361
0 0.440643 0.208837 0.064072 0.072534
0 0.499275 0.268677 0.055609 0.061654
0 0.584502 0.235131 0.059236 0.070721
0 0.881286 0.090970 0.135397 0.130561
3 0.701765 0.267771 0.085832 0.110614
3 0.784574 0.186170 0.089458 0.128748
2 0.432181 0.379292 0.093085 0.213975
2 0.914531 0.402865 0.168037 0.402563
2 0.504110 0.398332 0.089458 0.150508
2 0.797268 0.343931 0.100338 0.223042
2 0.613515 0.382918 0.073743 0.195841
2 0.698743 0.391985 0.084623 0.184961