1 0.371658 0.734403 0.332739 0.131907
1 0.311448 0.613191 0.167954 0.081996
3 0.237356 0.420110 0.060498 0.046184
1 0.128603 0.435505 0.116675 0.091557
2 0.233034 0.465889 0.213184 0.063199
2 0.477187 0.444012 0.148364 0.040512
0 0.385000 0.479663 0.082104 0.035651
0 0.983106 0.385270 0.033787 0.023497
0 0.922280 0.394588 0.070581 0.029169
0 0.776796 0.371901 0.070581 0.027548
0 0.691811 0.347999 0.061938 0.028358
0 0.602505 0.347188 0.053296 0.029979
0 0.696853 0.404310 0.069141 0.034030
0 0.621950 0.411198 0.083545 0.036461
0 0.557131 0.403500 0.057617 0.021066
0 0.461342 0.382839 0.076343 0.026738
0 0.423891 0.343137 0.064819 0.026738
0 0.319460 0.382029 0.060498 0.028358
0 0.302175 0.332199 0.063379 0.022687
0 0.127163 0.356101 0.053296 0.026738
2 0.611147 0.453735 0.128198 0.042133
2 0.807766 0.449684 0.184375 0.077783
3 0.816408 0.401475 0.066260 0.049425
0 0.840580 0.341112 0.069141 0.024307