1 0.933479 0.628342 0.102631 0.158645
1 0.815319 0.648841 0.098579 0.160428
1 0.715389 0.654189 0.090477 0.167558
1 0.616135 0.639929 0.086426 0.153298
1 0.531734 0.656863 0.076973 0.162210
1 0.443958 0.621212 0.071571 0.147950
1 0.359558 0.643494 0.062119 0.146168
1 0.287312 0.648841 0.068871 0.142602
1 0.200886 0.661319 0.076973 0.146168
1 0.143494 0.632799 0.059418 0.121212
1 0.075974 0.634581 0.062119 0.110517
0 0.926052 0.521390 0.044563 0.076649
0 0.817345 0.527629 0.045914 0.078431
0 0.709988 0.529412 0.044563 0.071301
0 0.605331 0.530303 0.035110 0.073084
0 0.583050 0.513369 0.028358 0.057041
0 0.526333 0.537433 0.039162 0.058824
0 0.440582 0.512478 0.035110 0.055258
0 0.357533 0.553476 0.036461 0.065954
0 0.281910 0.552585 0.028358 0.060606
0 0.306892 0.529412 0.029709 0.057041
0 0.244774 0.525847 0.024307 0.053476
0 0.202911 0.564171 0.035110 0.065954
0 0.144169 0.540998 0.036461 0.065954
0 0.105682 0.512478 0.027008 0.051693
0 0.071922 0.553476 0.037811 0.062389