1 0.942330 0.369148 0.115340 0.160593
1 0.847275 0.352844 0.092026 0.149181
1 0.760281 0.363034 0.104968 0.127170
1 0.581980 0.297003 0.093464 0.081520
1 0.694856 0.312084 0.097778 0.118203
1 0.413744 0.434363 0.257387 0.207875
1 0.292240 0.331241 0.106406 0.079889
1 0.058884 0.374854 0.106537 0.175267
0 0.023116 0.217929 0.046232 0.050542
0 0.165224 0.249721 0.077647 0.044021
0 0.236947 0.248558 0.031288 0.020261
0 0.357186 0.214260 0.050327 0.043205
0 0.436271 0.229749 0.182615 0.069292
0 0.602829 0.237765 0.069020 0.030977
0 0.702764 0.205565 0.064706 0.035053
0 0.704202 0.241841 0.102092 0.026086
0 0.794072 0.254884 0.048889 0.039129
0 0.867405 0.226353 0.115033 0.045651
0 0.961502 0.229613 0.076995 0.047281
1 0.187212 0.330969 0.083399 0.104019
0 0.277183 0.234790 0.038492 0.023034
0 0.317279 0.234184 0.031007 0.031521
0 0.066012 0.205492 0.058807 0.046069
0 0.099693 0.207917 0.059876 0.031521