1 0.835561 0.343774 0.177687 0.143876
1 0.682773 0.261968 0.069038 0.057932
1 0.720121 0.275337 0.059984 0.069391
1 0.486412 0.310033 0.172028 0.098039
1 0.081929 0.282340 0.163858 0.134326
1 0.206300 0.295073 0.096200 0.120321
0 0.855422 0.222321 0.098589 0.050505
0 0.785001 0.217617 0.070421 0.026243
0 0.744949 0.203010 0.051935 0.032680
0 0.684211 0.218855 0.039612 0.018816
0 0.496275 0.219846 0.091547 0.045554
0 0.496716 0.182462 0.088906 0.039117
0 0.264766 0.199049 0.054576 0.030699
0 0.163536 0.191375 0.086266 0.042088
0 0.049982 0.163646 0.098589 0.054961