2 0.052139 0.502674 0.098930 0.171123
2 0.209893 0.436720 0.101604 0.153298
2 0.093583 0.439394 0.074866 0.115865
2 0.298128 0.394831 0.058824 0.108734
2 0.337567 0.404635 0.076203 0.106952
2 0.422460 0.418004 0.074866 0.133690
2 0.540107 0.431373 0.064171 0.121212
2 0.629011 0.395722 0.046791 0.114082
2 0.706551 0.503565 0.159091 0.190731
2 0.844920 0.481283 0.144385 0.192513
0 0.029412 0.352941 0.058824 0.074866
0 0.088235 0.339478 0.037433 0.044751
0 0.222347 0.311005 0.059105 0.049723
0 0.314875 0.295056 0.033071 0.032836
0 0.341613 0.315227 0.041514 0.041280
0 0.423938 0.317572 0.037292 0.036589
0 0.543203 0.326954 0.043625 0.045971
0 0.633619 0.301623 0.038700 0.036589
0 0.715241 0.343841 0.071067 0.075992
0 0.851393 0.323670 0.061920 0.063796