2 0.113032 0.481976 0.153369 0.221298
2 0.221188 0.497307 0.094858 0.198635
2 0.318706 0.498640 0.098404 0.193302
2 0.404699 0.505306 0.101950 0.198635
2 0.482270 0.468645 0.093972 0.189303
2 0.566489 0.494641 0.093972 0.177305
2 0.655142 0.495974 0.101064 0.153309
2 0.717642 0.511971 0.070035 0.174639
2 0.795656 0.502640 0.093085 0.182637
2 0.900266 0.502640 0.114362 0.187970
0 0.885306 0.368481 0.043218 0.053991
0 0.798870 0.369981 0.044548 0.050992
0 0.707447 0.372980 0.041223 0.050992
0 0.643617 0.366981 0.043883 0.054991
0 0.565824 0.351984 0.041223 0.052992
0 0.481051 0.329487 0.043218 0.049992
0 0.405918 0.348484 0.048537 0.057991
0 0.316157 0.339986 0.049867 0.062990
0 0.227726 0.328487 0.051197 0.063990
0 0.114362 0.311990 0.054521 0.064990