2 0.984216 0.420455 0.031568 0.141451
2 0.936633 0.410910 0.063599 0.120623
2 0.864651 0.464713 0.083834 0.129301
2 0.786309 0.453432 0.071693 0.105003
2 0.710858 0.488143 0.069958 0.120623
2 0.648994 0.530665 0.044519 0.124095
2 0.598404 0.453432 0.075162 0.144922
2 0.489420 0.464713 0.068802 0.137979
2 0.417148 0.466015 0.067646 0.119756
2 0.337072 0.488577 0.089038 0.140583
2 0.259598 0.483804 0.077475 0.157071
2 0.181834 0.498123 0.074584 0.131905
2 0.112454 0.533269 0.074584 0.139715
2 0.035846 0.515045 0.065911 0.137979
3 0.981152 0.311981 0.034690 0.063349
3 0.921889 0.325432 0.027174 0.046861
3 0.860893 0.369255 0.032377 0.052935
3 0.781395 0.373160 0.027174 0.045125
3 0.706811 0.400930 0.029487 0.046861
3 0.639454 0.445187 0.015032 0.041654
3 0.601295 0.353635 0.030065 0.054671
3 0.486529 0.369689 0.029487 0.055539
3 0.422930 0.384442 0.038737 0.081573
3 0.339385 0.391818 0.035846 0.080705
3 0.268848 0.383574 0.037003 0.062481
3 0.176341 0.405703 0.038159 0.058142
3 0.109563 0.430001 0.037581 0.066820
3 0.028619 0.416984 0.037581 0.063349