0 0.887527 0.278607 0.076314 0.031728
0 0.662088 0.248745 0.042028 0.035461
0 0.710752 0.252789 0.030968 0.027373
0 0.563859 0.264996 0.071193 0.028146
0 0.505590 0.259944 0.034286 0.015553
0 0.494530 0.286073 0.027650 0.023019
0 0.343930 0.248434 0.066360 0.036083
0 0.218953 0.260566 0.042028 0.027996
0 0.165865 0.226349 0.042028 0.034217
0 0.084574 0.244391 0.100646 0.041682
0 0.276464 0.263054 0.024332 0.032973
0 0.018576 0.226488 0.037152 0.023641
1 0.125555 0.386674 0.226081 0.176082
1 0.330622 0.363441 0.157967 0.131246
1 0.517573 0.388305 0.140576 0.154887
1 0.666845 0.347545 0.117388 0.109236
1 0.850898 0.360588 0.134779 0.102715