0 0.030324 0.280076 0.060648 0.049251
0 0.138834 0.294852 0.041700 0.023641
0 0.178962 0.322815 0.080255 0.046077
0 0.221364 0.289926 0.033012 0.011820
0 0.230052 0.304209 0.043437 0.018716
0 0.291732 0.296329 0.062549 0.032506
0 0.383819 0.293374 0.086874 0.044326
0 0.462874 0.308149 0.036487 0.016745
0 0.547142 0.298792 0.100774 0.031521
0 0.667897 0.280076 0.144211 0.053191
0 0.851888 0.338849 0.090884 0.032733
0 0.824622 0.309753 0.044907 0.015760
0 0.881826 0.313390 0.031007 0.014548
0 0.782388 0.311269 0.041700 0.021216
0 0.742293 0.319149 0.062015 0.034552
0 0.959535 0.345214 0.080930 0.039401
0 0.968089 0.296721 0.063822 0.032127
2 0.068508 0.438447 0.125099 0.156291
2 0.111366 0.340601 0.048649 0.031521
2 0.246889 0.397732 0.111199 0.116890
2 0.358088 0.403642 0.101932 0.120830
2 0.488978 0.424000 0.122782 0.145784
2 0.692842 0.423343 0.243247 0.175992
1 0.919248 0.447960 0.090884 0.120022
1 0.829969 0.431897 0.087676 0.130327