1 0.664567 0.340107 0.186334 0.131194
1 0.283660 0.368984 0.149574 0.131907
1 0.392038 0.385383 0.092533 0.126203
1 0.066271 0.334046 0.067182 0.081996
1 0.127114 0.319073 0.062111 0.074866
0 0.946748 0.242518 0.052538 0.028145
0 0.895044 0.256825 0.045866 0.025800
0 0.656540 0.222113 0.089231 0.043625
0 0.380091 0.288958 0.068382 0.037527
0 0.386345 0.255183 0.062545 0.027207
0 0.435964 0.250258 0.053372 0.024862
0 0.280853 0.257763 0.083393 0.044563
0 0.198711 0.279576 0.039195 0.026269
0 0.152010 0.271132 0.035859 0.024393
0 0.109897 0.262689 0.041697 0.026269
0 0.066949 0.275589 0.047534 0.026738