0 0.121968 0.227718 0.129375 0.065466
0 0.381788 0.238629 0.131514 0.064254
0 0.453960 0.221353 0.076984 0.056374
0 0.508703 0.237443 0.041700 0.043549
0 0.544916 0.237755 0.035115 0.020530
0 0.587713 0.258596 0.054868 0.021152
0 0.622280 0.239310 0.062549 0.027373
0 0.772231 0.247823 0.044907 0.030915
0 0.813930 0.228728 0.055599 0.026672
0 0.885568 0.217211 0.083399 0.037583
0 0.935834 0.259340 0.128332 0.038189
0 0.920865 0.304500 0.158270 0.044857
1 0.890441 0.471125 0.215447 0.182371
1 0.748476 0.330125 0.047186 0.099629
2 0.133893 0.390071 0.235304 0.192503
2 0.329732 0.363897 0.144459 0.180682
2 0.453341 0.366852 0.102759 0.147754
2 0.523996 0.352077 0.059399 0.148598
2 0.555890 0.334909 0.039505 0.113226
2 0.595943 0.335220 0.060355 0.115093