0 0.040200 0.384358 0.077005 0.036741
0 0.071139 0.344136 0.064629 0.025912
0 0.158113 0.354772 0.029564 0.014696
0 0.137143 0.365407 0.034377 0.025912
0 0.108610 0.362507 0.035065 0.027845
0 0.209335 0.348197 0.022001 0.009282
0 0.196272 0.363860 0.034377 0.015083
0 0.235462 0.359219 0.041253 0.016630
0 0.259526 0.348584 0.019251 0.007735
0 0.304101 0.354772 0.043315 0.017017
0 0.280152 0.384744 0.050878 0.031326
0 0.349937 0.381844 0.092818 0.032486
0 0.390961 0.362893 0.027731 0.011602
0 0.420067 0.363087 0.026814 0.012763
0 0.448256 0.356125 0.032314 0.015083
0 0.422359 0.375462 0.033690 0.011989
0 0.448141 0.372562 0.027502 0.010829
0 0.473924 0.363667 0.037815 0.017017
0 0.509676 0.356705 0.044690 0.020884
0 0.545772 0.360766 0.024752 0.011216
0 0.631486 0.360186 0.022001 0.010055
0 0.658300 0.362507 0.027502 0.012376
0 0.675489 0.366761 0.020626 0.010055
0 0.706772 0.369855 0.028189 0.010055
0 0.554137 0.378363 0.041940 0.020884
0 0.594359 0.369275 0.050878 0.020497
0 0.627705 0.389965 0.047440 0.023205
0 0.658644 0.376816 0.024064 0.012376
0 0.683739 0.382037 0.041253 0.016630
0 0.759713 0.386871 0.080442 0.030166
0 0.641112 0.400987 0.074255 0.032873
0 0.786068 0.365987 0.026814 0.013149
0 0.819070 0.358446 0.040565 0.016630
0 0.840384 0.372949 0.041940 0.017790
0 0.920483 0.367341 0.059129 0.022818
0 0.862042 0.394606 0.060504 0.023978
0 0.969986 0.382617 0.045378 0.022431
1 0.971586 0.474597 0.056828 0.111769
1 0.914639 0.454293 0.124445 0.105194
1 0.754098 0.497480 0.152634 0.133813
1 0.653029 0.475822 0.143009 0.108288
1 0.574993 0.441209 0.068067 0.085470
1 0.505895 0.419745 0.074255 0.081989
1 0.452267 0.421872 0.039877 0.074641
1 0.335385 0.511274 0.195262 0.160885
1 0.062201 0.474146 0.121007 0.108288
1 0.115829 0.437406 0.074255 0.113702
1 0.161551 0.426448 0.037815 0.063426
1 0.221023 0.413686 0.057754 0.063426