1 0.779296 0.382233 0.170503 0.153053
1 0.612701 0.361653 0.097329 0.107097
1 0.969216 0.383232 0.061568 0.108696
1 0.894741 0.373441 0.085962 0.127478
2 0.458538 0.385430 0.152742 0.174632
2 0.335278 0.358855 0.136402 0.157449
2 0.295139 0.301511 0.097329 0.082721
2 0.145949 0.352262 0.259307 0.205003
0 0.044715 0.207612 0.084249 0.052655
0 0.157715 0.166993 0.165823 0.063186
0 0.308558 0.213456 0.058300 0.050802
0 0.204959 0.245250 0.047903 0.022835
0 0.249614 0.241368 0.044656 0.036080
0 0.399007 0.234061 0.094995 0.043387
0 0.498873 0.227896 0.111233 0.066679
0 0.578847 0.286582 0.040596 0.030599
0 0.622285 0.264660 0.072261 0.036080
0 0.715656 0.290921 0.056022 0.036536
0 0.811462 0.257810 0.093371 0.042474
0 0.909299 0.275393 0.071449 0.031056
0 0.985502 0.298228 0.028996 0.038363