0 0.945547 0.249361 0.105008 0.089514
0 0.812393 0.264584 0.087687 0.042017
0 0.682486 0.186640 0.180787 0.074900
0 0.505487 0.213433 0.181870 0.076117
0 0.379910 0.253623 0.075779 0.051760
0 0.302507 0.272805 0.074697 0.026793
0 0.219692 0.270065 0.103926 0.031056
0 0.180178 0.228961 0.053045 0.028011
0 0.235389 0.193947 0.105008 0.034710
0 0.083831 0.254232 0.083357 0.038363
0 0.596125 0.317506 0.215970 0.097927
0 0.450150 0.320366 0.101105 0.080765
1 0.957472 0.717791 0.085056 0.449329
1 0.878446 0.546036 0.243108 0.345269
1 0.547741 0.603581 0.468315 0.370844
1 0.374964 0.450128 0.136402 0.204604
1 0.101023 0.714194 0.175050 0.438619
1 0.141944 0.371483 0.065928 0.103581