0 0.047419 0.223473 0.073567 0.038288
0 0.094516 0.239136 0.037127 0.023978
0 0.056357 0.261954 0.112069 0.037901
0 0.225951 0.231788 0.081818 0.041768
0 0.175760 0.259504 0.032314 0.022431
0 0.308685 0.237847 0.065317 0.044862
0 0.365063 0.240747 0.094193 0.040608
0 0.273620 0.278261 0.090068 0.039834
0 0.473466 0.263952 0.054316 0.018177
0 0.547606 0.279035 0.049503 0.017403
0 0.591609 0.292571 0.099006 0.043702
0 0.684771 0.286189 0.087318 0.043315
0 0.746306 0.242681 0.088005 0.036741
0 0.821362 0.253316 0.061191 0.033260
0 0.877053 0.268979 0.065317 0.028232
0 0.918306 0.259698 0.062566 0.029779
0 0.944432 0.248095 0.048815 0.022818
1 0.074004 0.359606 0.147822 0.109448
1 0.195699 0.326926 0.114820 0.113702
1 0.283704 0.394671 0.178073 0.148896
1 0.390044 0.351033 0.150572 0.127625
1 0.487331 0.340785 0.085255 0.080056
1 0.594932 0.427608 0.184949 0.181769
1 0.701157 0.407369 0.134758 0.159338
1 0.776557 0.359413 0.136133 0.146962
1 0.842332 0.358252 0.038502 0.130719
1 0.907649 0.358059 0.068754 0.118730
1 0.938932 0.336982 0.081818 0.105194