0 0.021774 0.291698 0.031336 0.092625
0 0.076458 0.273381 0.054684 0.025575
0 0.189205 0.233635 0.051612 0.026267
0 0.150189 0.254372 0.042395 0.026958
0 0.168621 0.280639 0.048540 0.017281
0 0.271845 0.272171 0.065743 0.031451
0 0.219004 0.279602 0.038709 0.021428
0 0.328372 0.238474 0.098922 0.040782
0 0.454943 0.225859 0.096465 0.039746
0 0.487815 0.250743 0.086020 0.041819
0 0.387664 0.304832 0.147462 0.060828
0 0.503483 0.307078 0.118584 0.045967
0 0.665998 0.266123 0.149920 0.055298
0 0.790112 0.227760 0.076189 0.047004
0 0.833429 0.253508 0.069430 0.031451
0 0.895793 0.266296 0.090935 0.021774
0 0.713924 0.326951 0.065129 0.056681
0 0.830357 0.291698 0.139475 0.044930
0 0.912875 0.325741 0.174250 0.083984
1 0.068522 0.558329 0.134202 0.288343
1 0.403445 0.490196 0.185659 0.223075
1 0.577737 0.465686 0.152821 0.246519
1 0.695194 0.548096 0.167977 0.291986
1 0.872012 0.575092 0.251334 0.287724
1 0.215892 0.396419 0.080831 0.146348
1 0.279672 0.364095 0.077042 0.135692