1 0.648294 0.537905 0.283341 0.239069
1 0.323011 0.437769 0.147263 0.128971
1 0.740566 0.429905 0.128622 0.161476
1 0.934431 0.428856 0.124894 0.100661
1 0.083476 0.424734 0.119301 0.113099
0 0.946073 0.350667 0.056822 0.030119
0 0.896900 0.355584 0.052451 0.032577
0 0.799100 0.354355 0.079770 0.051017
0 0.658136 0.359887 0.147520 0.087897
0 0.711134 0.296884 0.104903 0.047944
0 0.533564 0.381400 0.068843 0.037495
0 0.437403 0.347901 0.060101 0.035651
0 0.341788 0.323622 0.078677 0.042412
0 0.093737 0.346672 0.072121 0.041797
0 0.160394 0.338066 0.056822 0.036880
1 0.149466 0.417665 0.104903 0.098961
1 0.434671 0.442867 0.100532 0.118631