1 0.937982 0.365806 0.121247 0.111602
1 0.672066 0.394869 0.146047 0.138727
1 0.531530 0.388282 0.170847 0.158103
1 0.315215 0.418507 0.206670 0.190653
1 0.139545 0.385182 0.147425 0.153453
2 0.829135 0.382469 0.176359 0.138727
2 0.076856 0.401457 0.148803 0.165853
0 0.937897 0.276817 0.069903 0.031456
0 0.849819 0.285467 0.072699 0.040369
0 0.777586 0.307224 0.058719 0.029359
0 0.673197 0.289923 0.086680 0.046136
0 0.541313 0.267904 0.108117 0.059767
0 0.456031 0.305914 0.066175 0.033029
0 0.360031 0.271312 0.138874 0.069728
0 0.245855 0.310370 0.054058 0.025165
0 0.182010 0.303817 0.053126 0.033029
0 0.136340 0.272622 0.096000 0.057670
0 0.055253 0.270263 0.107185 0.076020