0 0.976310 0.207977 0.047380 0.029160
0 0.814079 0.082286 0.178761 0.074409
0 0.695203 0.144126 0.116195 0.045249
0 0.582584 0.164488 0.092956 0.038713
0 0.511079 0.175297 0.062566 0.028155
0 0.465495 0.188369 0.051841 0.042232
0 0.422146 0.167002 0.059885 0.027652
0 0.381478 0.197671 0.051841 0.023630
0 0.329637 0.188621 0.048265 0.021619
0 0.283755 0.202698 0.041115 0.016591
0 0.245768 0.202195 0.033071 0.020613
0 0.203313 0.203452 0.039327 0.018100
1 0.969606 0.329898 0.060788 0.144294
1 0.782796 0.312385 0.311044 0.285571
1 0.529402 0.287749 0.177867 0.169935
1 0.427509 0.279202 0.059885 0.118653
1 0.400695 0.257081 0.113513 0.114630
1 0.193928 0.248785 0.045584 0.054801
1 0.260069 0.258086 0.029496 0.066365
1 0.322487 0.258086 0.073292 0.077426
1 0.266624 0.293028 0.034858 0.113122
1 0.245173 0.250796 0.056310 0.061840