1 0.816498 0.432264 0.158447 0.149535
1 0.930932 0.387701 0.137321 0.127748
1 0.736394 0.359477 0.103871 0.101010
1 0.582349 0.400574 0.151405 0.109923
1 0.369325 0.381759 0.126758 0.111903
1 0.606116 0.324817 0.093308 0.055457
0 0.910686 0.287186 0.103871 0.047534
0 0.812097 0.326302 0.093308 0.070311
0 0.774246 0.280749 0.077463 0.064369
0 0.599954 0.272331 0.059858 0.051495
0 0.540976 0.330759 0.096829 0.059418
0 0.351720 0.297584 0.073942 0.060408
0 0.544497 0.288176 0.051055 0.035651
0 0.239926 0.299564 0.079224 0.048524
0 0.162463 0.308477 0.086266 0.056447
2 0.217040 0.374827 0.142602 0.098039