0 0.017032 0.221261 0.034063 0.027931
0 0.103162 0.208137 0.087944 0.039373
0 0.202472 0.227992 0.117856 0.050814
0 0.241658 0.211334 0.058629 0.032306
0 0.312551 0.225804 0.079568 0.048459
0 0.446186 0.230343 0.062372 0.026559
0 0.435402 0.251492 0.069950 0.029510
0 0.375653 0.248049 0.027397 0.031150
0 0.488447 0.255099 0.064121 0.028854
0 0.522839 0.246082 0.051297 0.031150
0 0.603603 0.251885 0.100507 0.060237
0 0.649070 0.235732 0.043074 0.039373
0 0.702016 0.223953 0.060424 0.050141
0 0.732826 0.219915 0.035895 0.031296
0 0.810899 0.189292 0.141787 0.060910
0 0.807608 0.159005 0.000000 0.000337
0 0.898842 0.226814 0.054441 0.029614
0 0.988226 0.241223 0.023547 0.018600
1 0.973759 0.333353 0.052481 0.128458
1 0.816283 0.367938 0.276938 0.205766
1 0.600313 0.386829 0.142602 0.158684
1 0.080115 0.331825 0.103176 0.148206
1 0.215643 0.388222 0.208684 0.177717
1 0.331643 0.359204 0.149227 0.160338
1 0.439191 0.367073 0.093850 0.142632
2 0.499387 0.318694 0.068201 0.031570