0 0.096950 0.203871 0.032177 0.017597
0 0.345428 0.101307 0.166248 0.074912
0 0.429445 0.168929 0.057204 0.071393
0 0.256494 0.185269 0.049159 0.031674
0 0.247556 0.171946 0.056310 0.023127
0 0.172923 0.196581 0.042903 0.019105
0 0.131808 0.204625 0.041115 0.021116
0 0.519124 0.200101 0.062566 0.021116
0 0.518677 0.223731 0.054522 0.027149
0 0.566495 0.212921 0.060779 0.027652
0 0.584371 0.222474 0.066142 0.022624
0 0.653194 0.223731 0.073292 0.034188
0 0.737212 0.220965 0.098319 0.041730
0 0.849831 0.188537 0.119770 0.061337
0 0.980779 0.196330 0.038442 0.044746
0 0.934296 0.187531 0.067035 0.025138
1 0.339292 0.324786 0.303894 0.285571
1 0.921699 0.371543 0.156602 0.218200
1 0.857699 0.347411 0.235964 0.206134
1 0.689664 0.340875 0.143009 0.152841
1 0.636929 0.330820 0.112619 0.134741
1 0.576150 0.298140 0.091168 0.081448
1 0.087678 0.250833 0.037707 0.056090
1 0.533051 0.290646 0.053628 0.086188