1 0.886816 0.384517 0.226367 0.170614
1 0.706859 0.346957 0.160711 0.159155
1 0.538225 0.413802 0.253516 0.213904
1 0.297159 0.388337 0.219563 0.185893
2 0.098216 0.395977 0.196432 0.264833
0 0.937746 0.249554 0.124508 0.096766
0 0.868701 0.278839 0.067906 0.040744
0 0.840407 0.268653 0.070169 0.038197
0 0.615185 0.255284 0.167501 0.080214
0 0.539357 0.218997 0.101859 0.048383
0 0.430708 0.265470 0.079224 0.057296
0 0.269997 0.236822 0.142602 0.073848
0 0.111550 0.192259 0.169765 0.084034
3 0.703463 0.223453 0.090541 0.080214