2 0.767045 0.328654 0.192117 0.171569
1 0.874988 0.311386 0.134680 0.165998
1 0.566016 0.266823 0.095068 0.112522
1 0.458073 0.271279 0.116855 0.130348
1 0.293684 0.336453 0.172311 0.171569
1 0.162965 0.252897 0.093088 0.093583
1 0.067897 0.259024 0.128738 0.130348
0 0.863104 0.203320 0.099030 0.074643
0 0.753181 0.202206 0.116855 0.079100
0 0.605627 0.178810 0.071301 0.045677
0 0.557103 0.186052 0.061398 0.042335
0 0.428365 0.166555 0.077243 0.063503
0 0.372908 0.209447 0.081204 0.073529
0 0.278830 0.208890 0.095068 0.070187
0 0.156033 0.183824 0.051495 0.040107
0 0.047101 0.163213 0.083185 0.067959