0 0.956582 0.373557 0.042712 0.032551
0 0.901470 0.360381 0.062001 0.044951
0 0.841536 0.384019 0.110224 0.081376
1 0.818113 0.496784 0.192892 0.164303
1 0.677577 0.443695 0.090935 0.101527
1 0.511552 0.471983 0.152936 0.133302
1 0.386172 0.449120 0.092313 0.093777
1 0.317971 0.462683 0.099202 0.093002
1 0.202235 0.471983 0.129513 0.119352
1 0.080300 0.432845 0.097824 0.093777
0 0.696937 0.378491 0.057041 0.023767
0 0.606094 0.375520 0.071829 0.052288
0 0.569651 0.351753 0.036971 0.024955
0 0.506800 0.374629 0.086618 0.062389
0 0.473526 0.346999 0.036971 0.021390
0 0.419126 0.365122 0.052816 0.044563
0 0.372648 0.382650 0.054928 0.038027
0 0.301875 0.367796 0.046478 0.033274
0 0.287615 0.405229 0.066548 0.045157
0 0.254341 0.355021 0.046478 0.033868
0 0.201525 0.380273 0.078167 0.057041
0 0.127055 0.376708 0.047534 0.033274
0 0.085859 0.363339 0.036971 0.043375
0 0.375289 0.359774 0.036971 0.014854
0 0.156632 0.360368 0.028520 0.024361
0 0.629333 0.351456 0.046478 0.027926