1 0.513488 0.577731 0.367799 0.282243
1 0.750162 0.572707 0.204604 0.291377
1 0.950590 0.677978 0.098820 0.377695
1 0.936092 0.464468 0.123412 0.181768
1 0.310508 0.452822 0.070637 0.169437
1 0.104893 0.715736 0.204604 0.434030
2 0.146348 0.368211 0.068201 0.089514
0 0.015964 0.219648 0.026746 0.073717
0 0.030716 0.319317 0.061431 0.142169
0 0.114922 0.267414 0.037444 0.018805
0 0.143674 0.276064 0.084249 0.066195
0 0.307490 0.224537 0.090935 0.038363
0 0.200508 0.282458 0.056166 0.045885
0 0.252662 0.256883 0.066864 0.041372
0 0.393745 0.287348 0.097621 0.039115
0 0.510088 0.230555 0.151112 0.065443
0 0.286729 0.295762 0.081192 0.024479
0 0.501030 0.324488 0.225443 0.071398
0 0.720709 0.215135 0.160473 0.063186
0 0.705331 0.258763 0.177858 0.054160
0 0.730739 0.332105 0.169834 0.075974
0 0.829324 0.292519 0.082004 0.024205
0 0.889001 0.327000 0.123412 0.064852
0 0.964392 0.255526 0.071215 0.047041