0 0.035040 0.269482 0.064354 0.046757
0 0.159055 0.277024 0.100553 0.039216
0 0.075261 0.316239 0.104575 0.042232
0 0.271675 0.319633 0.057650 0.035445
0 0.366642 0.310709 0.067035 0.027149
0 0.403511 0.328431 0.100553 0.047511
0 0.496243 0.321644 0.085805 0.042986
0 0.558586 0.274887 0.087146 0.036953
0 0.643721 0.289593 0.067035 0.037707
0 0.694444 0.299648 0.060332 0.030166
0 0.743380 0.288336 0.058991 0.030166
0 0.922812 0.309075 0.124686 0.053544
1 0.094031 0.440422 0.176973 0.153846
1 0.189892 0.386501 0.154181 0.127451
1 0.298489 0.379713 0.095190 0.085219
1 0.406416 0.468326 0.219876 0.191554
1 0.512555 0.442308 0.127367 0.159125
1 0.590093 0.394671 0.142115 0.146305
1 0.649307 0.390649 0.092509 0.132730
1 0.719024 0.383107 0.076420 0.120664
1 0.762597 0.366516 0.104575 0.102564
2 0.914146 0.458522 0.171708 0.202112