0 0.053663 0.443590 0.091819 0.050549
0 0.127900 0.479853 0.064469 0.035165
0 0.203114 0.469963 0.054701 0.024176
0 0.286142 0.474908 0.068376 0.027473
0 0.369170 0.465568 0.066422 0.035165
0 0.434615 0.461722 0.056654 0.031868
0 0.525458 0.480952 0.089866 0.041758
0 0.538156 0.443590 0.056654 0.024176
0 0.628022 0.436447 0.068376 0.036264
0 0.839988 0.445788 0.117216 0.041758
0 0.887851 0.372161 0.041026 0.017582
0 0.475641 0.456777 0.029304 0.028571
1 0.066392 0.547985 0.132784 0.105495
1 0.195299 0.532051 0.062515 0.075824
1 0.292979 0.558425 0.078144 0.086813
1 0.360379 0.555678 0.126984 0.087912
2 0.154274 0.557875 0.078144 0.094505
1 0.437546 0.534799 0.062515 0.083516
1 0.511783 0.566117 0.140659 0.071429
1 0.646581 0.540293 0.121123 0.116484
1 0.869292 0.544139 0.171917 0.110989