0 0.212766 0.348455 0.058791 0.074713
0 0.321599 0.377718 0.049692 0.063506
0 0.374440 0.388302 0.046193 0.059770
0 0.141162 0.409638 0.055237 0.078257
0 0.274396 0.440122 0.047565 0.059148
0 0.411978 0.411913 0.045520 0.046408
0 0.498926 0.409183 0.052680 0.060968
0 0.518873 0.389619 0.036313 0.052778
0 0.559022 0.428747 0.039894 0.047318
0 0.600450 0.391439 0.049100 0.060058
0 0.629859 0.429657 0.032222 0.045498
0 0.666939 0.402813 0.038871 0.050048
0 0.705299 0.426017 0.048077 0.056418
0 0.782529 0.378244 0.046031 0.057328
0 0.832396 0.399173 0.043474 0.062788
0 0.896669 0.408273 0.037336 0.055508
1 0.883627 0.586172 0.054214 0.256611
1 0.835294 0.594361 0.056772 0.280270
1 0.775454 0.601641 0.086436 0.309389
1 0.691575 0.634400 0.094619 0.276630
1 0.592863 0.609831 0.097688 0.283910
1 0.488271 0.628030 0.113543 0.291189
1 0.373960 0.640770 0.127353 0.316668
1 0.202622 0.632580 0.151903 0.360347