1 0.755447 0.496435 0.174292 0.151515
1 0.928154 0.429144 0.104575 0.100713
0 0.844177 0.405971 0.098237 0.043672
0 0.955882 0.366310 0.058625 0.042781
0 0.895672 0.356952 0.064963 0.045455
0 0.841008 0.380125 0.069717 0.040107
0 0.757031 0.393939 0.091899 0.074866
0 0.654833 0.372995 0.042781 0.036542
0 0.735641 0.343583 0.042781 0.024064
0 0.633442 0.359180 0.053872 0.035651
0 0.548673 0.369430 0.071301 0.038324
1 0.578778 0.448307 0.080808 0.099822
1 0.669885 0.427807 0.082393 0.058824
1 0.475787 0.448752 0.125173 0.122103
1 0.363290 0.475936 0.175876 0.142602
1 0.272183 0.437166 0.088730 0.100713
1 0.160477 0.446078 0.134680 0.120321
1 0.063825 0.437611 0.096653 0.081996
0 0.472618 0.356952 0.074470 0.041889
0 0.369628 0.364973 0.090315 0.059715
0 0.282482 0.358734 0.074470 0.038324
0 0.201674 0.345811 0.049119 0.032086
0 0.151763 0.359626 0.076055 0.056150
0 0.033720 0.386809 0.058625 0.046346
0 0.079669 0.340463 0.049119 0.033868