3 0.851586 0.400846 0.078694 0.045249
3 0.646982 0.392731 0.066452 0.037871
3 0.415273 0.389780 0.087437 0.041806
3 0.218869 0.376402 0.083281 0.029805
3 0.060714 0.368139 0.072573 0.030986
3 0.137222 0.498967 0.194111 0.098859
3 0.680646 0.573972 0.256192 0.148534
0 0.875912 0.592072 0.209150 0.103154
0 0.406081 0.545610 0.157621 0.090367
0 0.035155 0.509859 0.058668 0.071776
0 0.009854 0.425914 0.018334 0.037538
0 0.071455 0.428182 0.077001 0.034651
0 0.329960 0.436226 0.073335 0.032588
0 0.514030 0.444889 0.073335 0.028463
0 0.722667 0.466958 0.091668 0.048676
1 0.833035 0.448189 0.114402 0.059814
1 0.642365 0.441795 0.115869 0.051976
1 0.428595 0.432308 0.141536 0.043726
1 0.075489 0.410445 0.118802 0.046201
1 0.157182 0.675884 0.301222 0.246697
1 0.460772 0.765665 0.000947 0.000000
1 0.693947 0.778772 0.612106 0.304348
2 0.223454 0.421569 0.140949 0.046888