0 0.723448 0.285205 0.111047 0.074866
0 0.602921 0.282531 0.113755 0.062389
0 0.536419 0.260695 0.050106 0.041889
0 0.484282 0.267380 0.059586 0.046346
0 0.428758 0.280048 0.056878 0.048510
0 0.370509 0.266106 0.073163 0.050929
0 0.282501 0.258021 0.092088 0.065062
0 0.203956 0.296346 0.092088 0.059715
0 0.107129 0.307487 0.104276 0.073084
1 0.935875 0.394067 0.128250 0.194805
1 0.763411 0.409346 0.158638 0.164248
2 0.628956 0.424624 0.207004 0.176980
1 0.470318 0.354596 0.102534 0.105679
1 0.386162 0.361599 0.092861 0.127324
1 0.312647 0.366692 0.127684 0.140056
1 0.233328 0.416348 0.139292 0.150242
1 0.124989 0.439903 0.212807 0.179526