0 0.011691 0.375458 0.023382 0.032967
0 0.046825 0.377656 0.074237 0.024176
0 0.101526 0.365568 0.031258 0.026374
0 0.147436 0.364469 0.080098 0.028571
0 0.219719 0.366667 0.107448 0.037363
0 0.286142 0.390842 0.068376 0.024176
0 0.379915 0.384249 0.095726 0.028571
0 0.475641 0.371062 0.064469 0.032967
0 0.523504 0.386996 0.070330 0.025275
0 0.590904 0.388095 0.056654 0.025275
0 0.654396 0.396886 0.058608 0.027473
0 0.781380 0.378205 0.070330 0.031868
0 0.919109 0.388095 0.068376 0.023077
1 0.035104 0.451282 0.046886 0.092308
1 0.065385 0.491941 0.001954 0.002198
1 0.063431 0.444689 0.060562 0.087912
1 0.124969 0.462821 0.070330 0.113187
1 0.225580 0.471612 0.115263 0.121978
1 0.292002 0.455678 0.052747 0.085714
1 0.373077 0.451282 0.089866 0.079121
1 0.474664 0.465568 0.093773 0.103297
1 0.531319 0.452381 0.074237 0.068132
1 0.657326 0.466117 0.087912 0.089011
1 0.586020 0.427106 0.046886 0.030769
1 0.918132 0.444689 0.085958 0.070330
2 0.786264 0.462821 0.095726 0.117582