0 0.276102 0.353695 0.463885 0.285068
0 0.511223 0.375566 0.028959 0.015083
0 0.561633 0.357466 0.043975 0.017496
0 0.606145 0.370739 0.053628 0.022323
0 0.670499 0.390649 0.081515 0.031976
0 0.598637 0.397888 0.066499 0.028356
0 0.922552 0.377476 0.070789 0.032579
0 0.843718 0.396179 0.050411 0.019306
0 0.800279 0.393162 0.053628 0.020513
0 0.767566 0.386526 0.037540 0.019306
0 0.732708 0.381096 0.040757 0.022926
0 0.673717 0.370538 0.030032 0.011463
0 0.645830 0.353343 0.032177 0.010860
0 0.840501 0.373856 0.028959 0.015686
0 0.813150 0.371141 0.027887 0.010256
0 0.801888 0.365108 0.024669 0.011463
0 0.777755 0.364203 0.019306 0.008446
0 0.048993 0.342273 0.055304 0.024038
1 0.284146 0.758673 0.560416 0.482654
1 0.027219 0.472976 0.049606 0.107843
1 0.660033 0.508044 0.159544 0.137255
1 0.579591 0.482403 0.127367 0.105581
1 0.518588 0.423203 0.042903 0.065611
1 0.978500 0.512946 0.043000 0.153092
1 0.942252 0.478255 0.091168 0.115385
1 0.914767 0.465058 0.127367 0.108597
1 0.810192 0.461664 0.054969 0.080694
1 0.842369 0.478632 0.044243 0.082956
1 0.726723 0.424208 0.072063 0.047134