0 0.973601 0.369041 0.052798 0.016722
0 0.918057 0.382320 0.039638 0.018362
0 0.847232 0.373959 0.048382 0.014755
0 0.805845 0.399207 0.071699 0.026559
0 0.797101 0.380025 0.070533 0.015083
0 0.741141 0.388878 0.054211 0.019018
0 0.724237 0.399698 0.046050 0.020985
0 0.684890 0.394780 0.034975 0.017706
0 0.697423 0.369696 0.055377 0.032461
0 0.658367 0.379041 0.043719 0.016395
0 0.638840 0.387894 0.043136 0.016395
0 0.559855 0.387894 0.050714 0.015083
0 0.595995 0.401666 0.071699 0.031477
0 0.546447 0.362483 0.063538 0.028526
0 0.475040 0.354941 0.055960 0.022624
0 0.272768 0.357073 0.075779 0.034101
0 0.225844 0.376418 0.041387 0.024920
0 0.265190 0.393796 0.090935 0.038035
0 0.143069 0.369205 0.058875 0.028854
0 0.040476 0.356253 0.048382 0.027215
0 0.023280 0.368877 0.045467 0.037380
1 0.817741 0.507471 0.147171 0.130569
1 0.957733 0.440167 0.082559 0.075380
1 0.461816 0.429567 0.075380 0.082447
1 0.513865 0.431922 0.051450 0.060237
1 0.579673 0.491318 0.137599 0.106340
1 0.695734 0.477352 0.061022 0.085139
1 0.246444 0.512855 0.113669 0.139992
1 0.327209 0.466584 0.053843 0.120810
1 0.130382 0.436970 0.082559 0.089851
1 0.014321 0.464228 0.021537 0.124849
1 0.051712 0.475838 0.046066 0.122493