0 0.037199 0.372955 0.063977 0.026172
0 0.068218 0.362868 0.062038 0.020174
0 0.110384 0.391767 0.051375 0.025627
0 0.155459 0.360142 0.054283 0.021265
0 0.205865 0.380044 0.050406 0.018539
0 0.212650 0.370229 0.044590 0.018539
0 0.246577 0.371047 0.025203 0.016903
0 0.260148 0.368866 0.031019 0.016903
0 0.283412 0.386041 0.032958 0.021810
0 0.295529 0.380862 0.037804 0.020174
0 0.388101 0.346238 0.131831 0.050164
0 0.457894 0.383315 0.058161 0.031625
0 0.485520 0.382225 0.049437 0.032715
0 0.514116 0.383860 0.032958 0.030534
0 0.542712 0.360414 0.033927 0.017448
0 0.880613 0.384774 0.152213 0.062926
0 0.881072 0.333712 0.107283 0.053641
0 0.822387 0.341706 0.054100 0.022179
0 0.806799 0.380648 0.048598 0.027852
0 0.757284 0.372911 0.033927 0.024758
0 0.780208 0.374201 0.026591 0.032494
0 0.725649 0.368527 0.038512 0.014958
0 0.717855 0.359501 0.037595 0.017537
0 0.687138 0.356148 0.029342 0.009800
0 0.685304 0.363885 0.031176 0.010831
1 0.887032 0.541572 0.225569 0.208376
1 0.398758 0.474262 0.191642 0.146998
1 0.173647 0.427584 0.071522 0.088715
1 0.053068 0.486383 0.000917 0.000000