0 0.968302 0.256917 0.063396 0.120127
0 0.944182 0.308068 0.070268 0.050376
0 0.857380 0.283267 0.081290 0.030226
0 0.764379 0.295668 0.090935 0.048826
0 0.707200 0.314268 0.062001 0.034876
0 0.569420 0.299930 0.092313 0.052701
0 0.420617 0.279392 0.119869 0.067426
0 0.200858 0.280167 0.154314 0.075176
0 0.366883 0.316593 0.056490 0.027125
2 0.895967 0.481671 0.208065 0.304580
2 0.741645 0.395257 0.166714 0.145703
1 0.572175 0.411145 0.144669 0.144928
1 0.411661 0.406107 0.173603 0.165853
1 0.182257 0.441370 0.183248 0.206929
1 0.271126 0.384407 0.118491 0.130202