1 0.897793 0.479663 0.110913 0.090747
1 0.758791 0.471561 0.057617 0.053476
1 0.615468 0.468725 0.070581 0.060768
1 0.562173 0.454951 0.067700 0.055907
1 0.501674 0.468320 0.067700 0.055096
1 0.426052 0.457786 0.063379 0.046994
1 0.330263 0.454951 0.050415 0.041322
1 0.283449 0.463458 0.046094 0.034030
1 0.234475 0.456571 0.037451 0.039702
1 0.060183 0.448469 0.109473 0.067250
0 0.963913 0.428722 0.054441 0.028338
0 0.896877 0.410211 0.069879 0.034279
0 0.828623 0.438320 0.030877 0.016454
0 0.799778 0.426893 0.030064 0.021939
0 0.759150 0.430778 0.041440 0.020568
0 0.705116 0.430093 0.040627 0.024681
0 0.665707 0.433521 0.039815 0.023310
0 0.612485 0.414553 0.050378 0.023767
0 0.546668 0.414553 0.034127 0.024681
0 0.504009 0.427579 0.038190 0.026052
0 0.458913 0.430778 0.027627 0.016911
0 0.419911 0.423465 0.034127 0.023310
1 0.382940 0.452260 0.036565 0.036108
0 0.384158 0.424380 0.029252 0.015997
0 0.314685 0.424151 0.030064 0.020111
0 0.276902 0.437634 0.026002 0.015997
0 0.224492 0.427579 0.028439 0.015997
0 0.036387 0.393071 0.068254 0.040221