0 0.689530 0.288372 0.038007 0.019392
0 0.730070 0.286217 0.038007 0.019392
0 0.759209 0.300582 0.040540 0.017956
0 0.782646 0.311714 0.034206 0.020111
0 0.813685 0.305969 0.038007 0.020111
0 0.844090 0.299504 0.032939 0.021547
0 0.873229 0.306328 0.060811 0.028011
0 0.909968 0.311355 0.043074 0.026575
0 0.961952 0.277957 0.076096 0.027293
0 0.968287 0.308482 0.063426 0.050995
0 0.566431 0.280830 0.044341 0.024420
0 0.637376 0.274725 0.067145 0.030884
0 0.638010 0.305250 0.078547 0.030166
0 0.663347 0.334698 0.083615 0.025856
0 0.574032 0.302377 0.031672 0.018674
0 0.402580 0.286935 0.046875 0.022265
0 0.364573 0.275803 0.029138 0.024420
0 0.307563 0.258924 0.100084 0.043812
0 0.050807 0.255333 0.069679 0.028011
0 0.092614 0.274725 0.034206 0.030884
0 0.123653 0.268979 0.038007 0.023702
1 0.038771 0.386411 0.073480 0.143647
1 0.072977 0.361632 0.131756 0.128564
1 0.139489 0.361273 0.069679 0.113481
1 0.177496 0.342239 0.059544 0.101271
1 0.313053 0.393593 0.193834 0.166631
1 0.930280 0.422323 0.139440 0.152266
1 0.907435 0.393234 0.083615 0.117072
1 0.827621 0.393234 0.068412 0.111327
1 0.770611 0.379229 0.063344 0.087625
1 0.729437 0.355527 0.034206 0.058895
1 0.657224 0.457875 0.143158 0.152984
1 0.534969 0.334339 0.048142 0.061050