1 0.938368 0.513672 0.123264 0.167969
0 0.177951 0.336426 0.175347 0.053711
0 0.295139 0.286621 0.065972 0.030273
0 0.381944 0.323242 0.048611 0.023438
0 0.607639 0.313477 0.069444 0.035156
0 0.578993 0.429688 0.074653 0.031250
0 0.750000 0.321289 0.093750 0.042969
0 0.973090 0.395508 0.053819 0.062500
2 0.329861 0.461914 0.284722 0.185547
2 0.748264 0.411621 0.180556 0.120117
2 0.654514 0.442383 0.104167 0.052734
2 0.597222 0.362793 0.104167 0.061523
2 0.399306 0.364746 0.076389 0.057617
2 0.312500 0.353516 0.125000 0.085938
