2 0.927288 0.365790 0.143923 0.134433
2 0.216256 0.381016 0.227108 0.154486
0 0.938103 0.271671 0.083331 0.044233
0 0.845969 0.289826 0.063379 0.034330
0 0.782003 0.273652 0.083331 0.048194
0 0.661701 0.252525 0.096242 0.054796
0 0.608298 0.277943 0.064553 0.034330
0 0.505014 0.256817 0.132626 0.064699
0 0.418748 0.252525 0.084505 0.045554
0 0.228611 0.254176 0.133800 0.073942
0 0.120046 0.311283 0.073942 0.036311
0 0.084248 0.289166 0.049295 0.025087
0 0.038475 0.283224 0.044600 0.026408
1 0.044472 0.388196 0.088943 0.128078
1 0.386472 0.349574 0.092721 0.127418
1 0.463935 0.393147 0.198352 0.184195
1 0.654072 0.368720 0.158447 0.149865
1 0.785524 0.373011 0.118542 0.125437