0 0.012399 0.304501 0.022151 0.022297
0 0.058449 0.298927 0.062955 0.028199
0 0.105666 0.301222 0.024482 0.015739
0 0.153465 0.319584 0.040804 0.018362
0 0.212922 0.297615 0.071116 0.026887
0 0.317264 0.306796 0.076945 0.029510
0 0.415194 0.296304 0.086272 0.037380
0 0.526337 0.304501 0.048965 0.022297
0 0.624267 0.295976 0.067618 0.028854
0 0.732106 0.326142 0.038472 0.018362
0 0.793895 0.313026 0.050131 0.026231
0 0.900569 0.334995 0.046633 0.029510
0 0.960027 0.336634 0.048965 0.020985
0 0.684890 0.329421 0.030312 0.017050
0 0.570639 0.324830 0.067618 0.028854
0 0.471154 0.320240 0.067618 0.032789
1 0.050289 0.380353 0.097930 0.110171
1 0.198932 0.380681 0.103759 0.102958
1 0.296474 0.401338 0.106091 0.124598
1 0.424715 0.393796 0.141066 0.126566
1 0.560535 0.396092 0.102593 0.081317
1 0.635731 0.371172 0.087437 0.091809
1 0.708012 0.381992 0.054794 0.070169
1 0.774465 0.386911 0.110754 0.091809
1 0.882887 0.397731 0.078111 0.088530
1 0.938264 0.394780 0.067618 0.073447