0 0.029044 0.236009 0.054160 0.062810
0 0.072171 0.263277 0.018722 0.020310
0 0.088219 0.258763 0.016047 0.026328
0 0.123991 0.237513 0.058172 0.015420
0 0.101591 0.253122 0.036107 0.023319
0 0.136026 0.257635 0.047473 0.016549
0 0.197541 0.236573 0.060846 0.017301
0 0.196204 0.253122 0.074219 0.023319
0 0.253707 0.232060 0.063521 0.021814
0 0.284798 0.259516 0.064189 0.021062
0 0.346507 0.241819 0.027397 0.016067
0 0.385563 0.233786 0.053045 0.028854
0 0.418497 0.224605 0.029146 0.024264
0 0.445312 0.235425 0.039638 0.016395
0 0.507101 0.250016 0.100262 0.042298
0 0.584046 0.242803 0.067618 0.031805
0 0.649332 0.247393 0.036141 0.025248
0 0.699172 0.218211 0.086855 0.029182
0 0.738518 0.251492 0.038472 0.028199
0 0.797684 0.226572 0.095015 0.038035
0 0.868930 0.237582 0.031708 0.028268
0 0.940720 0.234722 0.092730 0.048795
1 0.902048 0.373863 0.187553 0.168727
1 0.785221 0.353261 0.129456 0.155229
1 0.676605 0.328929 0.109248 0.125746
1 0.583460 0.311878 0.089672 0.063939
1 0.502629 0.365693 0.166714 0.127522
1 0.406642 0.363740 0.088409 0.132850
1 0.217825 0.349709 0.125036 0.109761
1 0.134153 0.310635 0.051151 0.062873
1 0.299604 0.336033 0.077674 0.103012
1 0.059005 0.370489 0.111774 0.138534