0 0.968107 0.177758 0.063786 0.102000
1 0.935537 0.354526 0.128925 0.223807
1 0.742556 0.361953 0.088026 0.149535
1 0.654530 0.372846 0.119716 0.177263
1 0.506646 0.392157 0.218305 0.196078
1 0.204716 0.341157 0.149645 0.155476
1 0.078151 0.365914 0.156302 0.181224
0 0.752239 0.250545 0.075703 0.069321
0 0.662452 0.245593 0.100350 0.071301
0 0.519850 0.240642 0.114434 0.099030
0 0.452070 0.228758 0.077463 0.071301
0 0.400134 0.253020 0.065139 0.062389
0 0.297144 0.245593 0.080984 0.065359
0 0.195033 0.227273 0.091547 0.062389
0 0.044508 0.237176 0.082745 0.088136
0 0.873715 0.256486 0.058097 0.045554