1 0.854416 0.447509 0.081725 0.078807
1 0.706810 0.482691 0.093400 0.107890
1 0.637594 0.485036 0.091733 0.095694
1 0.484150 0.493480 0.151776 0.144479
1 0.324035 0.453138 0.118418 0.112581
1 0.219793 0.479876 0.130094 0.130406
1 0.047169 0.460175 0.085061 0.098508
0 0.838225 0.391087 0.051971 0.037790
0 0.762805 0.399643 0.058309 0.044920
0 0.691186 0.408913 0.062111 0.044920
0 0.620202 0.409269 0.074787 0.054189
0 0.474431 0.385740 0.102674 0.064171
0 0.404080 0.385740 0.055773 0.049911
0 0.349574 0.375758 0.053238 0.041355
0 0.293167 0.370410 0.064646 0.053476
0 0.234225 0.394296 0.081125 0.051337
0 0.179719 0.395009 0.065914 0.037077
0 0.085284 0.399287 0.049436 0.037077
0 0.022044 0.380749 0.044088 0.041355