1 0.933219 0.352050 0.133562 0.230456
1 0.490691 0.390884 0.194664 0.198625
1 0.731757 0.362872 0.088278 0.147695
1 0.636689 0.373695 0.138075 0.187166
1 0.188510 0.341227 0.160711 0.150242
1 0.061752 0.368602 0.115440 0.176980
0 0.954722 0.169977 0.090555 0.115865
0 0.736284 0.246371 0.074697 0.062389
0 0.642348 0.246371 0.099595 0.064935
0 0.499745 0.240005 0.131285 0.098039
0 0.438630 0.223453 0.081487 0.062389
0 0.385437 0.257830 0.052061 0.070028
0 0.288105 0.247008 0.088278 0.068755
0 0.183983 0.230456 0.092805 0.071301
0 0.040248 0.236185 0.076960 0.085307
2 0.328849 0.348867 0.119967 0.147695
0 0.869833 0.252101 0.070169 0.045837