0 0.152199 0.372405 0.065120 0.032444
0 0.314999 0.377638 0.044654 0.024071
0 0.423842 0.383918 0.050235 0.028257
0 0.456402 0.370836 0.044654 0.035583
0 0.566176 0.379731 0.048375 0.036630
0 0.633157 0.379731 0.048375 0.032444
0 0.832238 0.379731 0.111634 0.034537
0 0.962478 0.374499 0.037211 0.024071
2 0.848053 0.484912 0.180476 0.169545
2 0.635018 0.442002 0.111634 0.096285
2 0.314999 0.407989 0.070702 0.049189
1 0.031911 0.455085 0.063822 0.103611
1 0.138244 0.429444 0.085586 0.081633
1 0.434076 0.423164 0.111634 0.062794
1 0.956897 0.408512 0.085586 0.056515