1 0.830424 0.504679 0.295108 0.213904
1 0.725453 0.399955 0.160428 0.140374
1 0.101567 0.409425 0.152505 0.194964
1 0.222383 0.416667 0.140622 0.169340
1 0.413510 0.350379 0.130719 0.110294
0 0.893803 0.335896 0.136661 0.085784
0 0.750210 0.281306 0.110913 0.063503
0 0.511552 0.301868 0.053734 0.031776
0 0.414417 0.267380 0.063379 0.029451
0 0.314526 0.273192 0.086802 0.042626
0 0.271814 0.296443 0.070268 0.047276
0 0.196035 0.277455 0.106091 0.046501
0 0.072722 0.243354 0.101957 0.051151
0 0.052744 0.279392 0.092313 0.075176