0 0.283487 0.342777 0.138318 0.052359
0 0.056001 0.358436 0.057415 0.022020
0 0.098193 0.377520 0.051326 0.019084
0 0.117331 0.368957 0.046106 0.020552
0 0.145604 0.368957 0.034797 0.017616
0 0.164742 0.365531 0.033057 0.018595
0 0.180401 0.382903 0.034797 0.015169
0 0.018866 0.387551 0.037732 0.021531
0 0.778474 0.375318 0.124399 0.057741
0 0.773689 0.327119 0.109610 0.050401
0 0.350036 0.376297 0.052195 0.033275
0 0.387443 0.379722 0.052195 0.031317
0 0.411801 0.378254 0.036537 0.031317
0 0.431809 0.368467 0.029577 0.010765
0 0.443118 0.358436 0.033057 0.019084
0 0.616668 0.363819 0.033927 0.014191
0 0.658859 0.363819 0.027838 0.015169
1 0.793772 0.539258 0.206470 0.212650
1 0.298922 0.469738 0.193869 0.146674
1 0.068218 0.426663 0.075609 0.083424