1 0.430283 0.655080 0.253516 0.226381
1 0.940137 0.486631 0.119726 0.135472
1 0.262329 0.580214 0.196475 0.176471
1 0.799465 0.434046 0.091899 0.094474
2 0.710735 0.545455 0.237671 0.167558
2 0.297349 0.369641 0.078390 0.078807
2 0.240642 0.357914 0.055040 0.062858
1 0.902784 0.406229 0.075054 0.071301
1 0.969499 0.373619 0.061002 0.028520
1 0.912379 0.346168 0.050703 0.027807
0 0.981541 0.349020 0.036918 0.022103
0 0.958645 0.314795 0.039295 0.022103
0 0.872450 0.326203 0.041830 0.022103
1 0.861676 0.363636 0.058309 0.042781
0 0.883858 0.296257 0.021549 0.014973
0 0.838859 0.320499 0.032957 0.019251
0 0.790057 0.354724 0.062111 0.033512
0 0.797663 0.327986 0.044365 0.021390
0 0.752664 0.325134 0.035492 0.019964
0 0.717806 0.332264 0.044365 0.025668
0 0.750129 0.427094 0.091266 0.055615
0 0.448445 0.476292 0.134363 0.082709
1 0.674074 0.420677 0.096336 0.081283
1 0.520063 0.492692 0.107744 0.116934
1 0.563795 0.399643 0.088730 0.067736
1 0.373658 0.406061 0.109012 0.083422
1 0.156902 0.486275 0.131828 0.142602
1 0.464290 0.360428 0.067182 0.063458
0 0.510557 0.396791 0.083660 0.042068
0 0.271126 0.449120 0.129513 0.062776
0 0.171924 0.363481 0.104713 0.055801
0 0.136790 0.334031 0.056490 0.037201
0 0.390994 0.339843 0.057868 0.034876
0 0.075478 0.330156 0.060623 0.032551
0 0.313149 0.308843 0.053734 0.033326
0 0.689977 0.356894 0.057868 0.037976
0 0.533597 0.350694 0.039956 0.025575
0 0.560464 0.308843 0.038578 0.027125
0 0.220147 0.302643 0.044090 0.027125
0 0.637621 0.335581 0.041334 0.023250
0 0.018382 0.304144 0.033670 0.022282
0 0.134247 0.287433 0.039612 0.022282