0 0.030392 0.289863 0.057754 0.037127
0 0.094333 0.301466 0.066004 0.029006
0 0.173744 0.300886 0.107257 0.048730
0 0.223763 0.284933 0.056722 0.026105
0 0.316065 0.305527 0.107257 0.051050
0 0.336692 0.286673 0.068067 0.028426
0 0.436729 0.280002 0.045378 0.023205
0 0.433119 0.302626 0.056722 0.024365
0 0.509437 0.261728 0.141290 0.059752
0 0.643679 0.275071 0.115507 0.071354
0 0.754030 0.307847 0.049503 0.032486
0 0.859052 0.308717 0.019595 0.012182
1 0.053424 0.387613 0.103131 0.124724
1 0.112209 0.354546 0.078380 0.042348
1 0.342192 0.425030 0.115507 0.157791
1 0.516140 0.419809 0.272267 0.179835
1 0.655883 0.401245 0.176355 0.170553
1 0.782219 0.344394 0.078380 0.037127
2 0.859567 0.332212 0.047440 0.029006
1 0.956770 0.467088 0.086460 0.183896
2 0.208121 0.440983 0.226889 0.187377