0 0.037211 0.238585 0.052000 0.024681
0 0.023908 0.257439 0.047163 0.033594
0 0.095257 0.252297 0.071349 0.032908
0 0.176280 0.254353 0.059256 0.026052
0 0.281490 0.244755 0.054419 0.026052
0 0.244001 0.263266 0.088279 0.035651
0 0.347397 0.249554 0.065302 0.030166
0 0.395769 0.267722 0.048372 0.030852
0 0.444141 0.262581 0.053209 0.026052
0 0.516699 0.251268 0.094326 0.047306
0 0.627955 0.267037 0.062884 0.032223
0 0.661815 0.264295 0.038698 0.026738
0 0.707769 0.277664 0.055628 0.023310
0 0.799071 0.278006 0.042326 0.018511
0 0.728932 0.263609 0.049581 0.015769
0 0.987118 0.285891 0.021767 0.013712
0 0.926048 0.262923 0.076186 0.034965
0 0.894002 0.297203 0.087070 0.036336
0 0.898839 0.323598 0.091907 0.032908
0 0.564265 0.272522 0.041116 0.034965
1 0.018466 0.355478 0.033860 0.118607
1 0.055955 0.353078 0.062884 0.113808
1 0.103722 0.337653 0.114884 0.106266
1 0.181722 0.333196 0.099163 0.093240
1 0.260932 0.375017 0.153581 0.139860
1 0.352839 0.351364 0.134233 0.121349
1 0.520327 0.382559 0.183814 0.161799
1 0.627955 0.368504 0.101581 0.126834
1 0.686606 0.358220 0.073767 0.118607
1 0.735583 0.362677 0.043535 0.106952
1 0.770048 0.350679 0.047163 0.093926
2 0.799071 0.330111 0.056837 0.061017
1 0.887955 0.456145 0.162047 0.161799
1 0.969978 0.367019 0.060044 0.112437