0 0.036236 0.402792 0.068067 0.031326
0 0.087801 0.412654 0.049503 0.023205
0 0.110490 0.404243 0.047440 0.022624
0 0.140398 0.395541 0.039190 0.017984
0 0.232185 0.398731 0.041253 0.013923
0 0.395133 0.391770 0.016501 0.009282
0 0.372444 0.399892 0.022689 0.011602
0 0.321909 0.408303 0.037127 0.014503
0 0.305408 0.395251 0.022689 0.011602
0 0.353364 0.427737 0.081474 0.034807
0 0.293548 0.436729 0.071161 0.033066
0 0.237857 0.439920 0.100037 0.042928
0 0.520043 0.380019 0.022984 0.009912
0 0.469096 0.387129 0.016088 0.009481
0 0.471011 0.403074 0.047499 0.020685
0 0.544942 0.385836 0.029879 0.012066
0 0.526172 0.398980 0.041370 0.018530
0 0.538047 0.409754 0.042137 0.023702
0 0.625767 0.398118 0.072015 0.031459
0 0.685907 0.398334 0.042137 0.011204
0 0.704677 0.390792 0.033709 0.017669
0 0.757539 0.388422 0.047499 0.020685
0 0.815381 0.383897 0.037540 0.015083
0 0.878586 0.388207 0.000000 0.000431
0 0.808869 0.401781 0.036774 0.014652
0 0.788567 0.415140 0.054394 0.020685
0 0.878969 0.395317 0.071249 0.029304
0 0.577885 0.414494 0.086571 0.029735
0 0.626916 0.432809 0.098829 0.046542
0 0.693952 0.421389 0.073547 0.034906
0 0.942940 0.382389 0.038306 0.015514
0 0.980480 0.386698 0.021451 0.013790
0 0.946005 0.402643 0.068951 0.023271
0 0.966490 0.419450 0.067019 0.037061
1 0.048694 0.501688 0.094488 0.124255
1 0.113814 0.490555 0.066397 0.096244
1 0.143820 0.469726 0.054905 0.077569
1 0.240862 0.556274 0.169823 0.148675
1 0.319389 0.539036 0.086827 0.132874
1 0.362802 0.514616 0.089380 0.107017
1 0.397368 0.411804 0.025403 0.025006
1 0.458759 0.452886 0.071975 0.059538
1 0.530028 0.539083 0.139716 0.159429
1 0.634815 0.564817 0.203929 0.169088
1 0.711494 0.497407 0.105140 0.073430
2 0.779235 0.498399 0.089616 0.106375
1 0.867086 0.453746 0.091733 0.047233
1 0.910483 0.490659 0.091027 0.105978
1 0.928956 0.520362 0.142087 0.130190