1 0.785590 0.516602 0.161458 0.158203
0 0.055556 0.309082 0.107639 0.059570
0 0.151042 0.293945 0.065972 0.039062
0 0.217014 0.322266 0.062500 0.027344
0 0.423611 0.313477 0.059028 0.029297
0 0.397569 0.417969 0.059028 0.035156
0 0.592882 0.318359 0.088542 0.035156
0 0.825521 0.385254 0.182292 0.059570
2 0.155382 0.459961 0.258681 0.199219
2 0.566840 0.404785 0.144097 0.106445
2 0.496528 0.435547 0.131944 0.052734
2 0.425347 0.360352 0.100694 0.050781
2 0.155382 0.351562 0.126736 0.076172
2 0.239583 0.361328 0.104167 0.050781
