1 0.883398 0.387701 0.130279 0.129729
1 0.750479 0.387205 0.110913 0.102991
1 0.647488 0.375322 0.105631 0.102991
1 0.484639 0.379778 0.114434 0.107942
1 0.324432 0.357497 0.163729 0.130719
1 0.120211 0.431769 0.191897 0.215884
0 0.896602 0.290652 0.089787 0.056447
0 0.772485 0.305011 0.063379 0.047534
0 0.664213 0.301050 0.072182 0.049515
0 0.503125 0.301545 0.059858 0.040602
0 0.393972 0.302040 0.049295 0.043573
0 0.331474 0.258467 0.093308 0.059418
0 0.139577 0.279263 0.128518 0.087146
0 0.044508 0.252525 0.079224 0.065359
0 0.574426 0.326302 0.051055 0.036641
0 0.973389 0.308477 0.053222 0.038622