0 0.973411 0.180036 0.053178 0.096257
1 0.943306 0.350267 0.113388 0.229947
1 0.742771 0.360963 0.104575 0.149733
1 0.657209 0.371212 0.129927 0.180927
1 0.524114 0.391266 0.228164 0.199643
1 0.210388 0.342692 0.161616 0.157754
1 0.071920 0.366310 0.143840 0.183601
1 0.884581 0.253119 0.052288 0.037433
1 0.814072 0.266934 0.044365 0.029412
0 0.748316 0.247326 0.083977 0.070410
0 0.669885 0.249109 0.095068 0.072193
0 0.525698 0.240196 0.107744 0.098930
0 0.463112 0.236185 0.083977 0.085561
0 0.401317 0.254011 0.052288 0.057041
0 0.302288 0.244207 0.085561 0.065954
0 0.204843 0.232175 0.093484 0.070410
0 0.047188 0.233957 0.082393 0.084670