0 0.683880 0.509726 0.083230 0.032440
0 0.957485 0.484280 0.047212 0.030220
0 0.918413 0.481074 0.037444 0.018315
0 0.885853 0.474664 0.037444 0.020147
0 0.861433 0.468712 0.043956 0.015568
0 0.844339 0.460012 0.032560 0.016484
0 0.973765 0.466422 0.037444 0.021978
0 0.924881 0.460317 0.022141 0.013187
0 0.743196 0.477167 0.052096 0.029304
0 0.786176 0.474969 0.049491 0.024908
0 0.765337 0.461050 0.028653 0.011722
0 0.694356 0.458852 0.016931 0.008791
0 0.681332 0.459585 0.022141 0.014652
0 0.663750 0.465446 0.036467 0.019048
0 0.635097 0.470208 0.044282 0.024176
0 0.592118 0.470940 0.049491 0.024176
0 0.549790 0.473504 0.053398 0.021978
0 0.478158 0.494017 0.061213 0.045421
0 0.459273 0.458852 0.031258 0.013187
0 0.426062 0.461050 0.032560 0.011722
0 0.386338 0.463614 0.036467 0.016850
0 0.358988 0.453358 0.023443 0.016850
0 0.330986 0.453724 0.032560 0.011722
0 0.314706 0.460317 0.023443 0.008791
0 0.344662 0.463614 0.026048 0.016850
0 0.283449 0.456654 0.020838 0.013187
0 0.269773 0.461416 0.029955 0.015385
0 0.239167 0.459219 0.028653 0.016850
0 0.215724 0.457753 0.026048 0.015385
0 0.172745 0.456288 0.023443 0.015385
0 0.202049 0.480098 0.035165 0.016117
0 0.148802 0.457221 0.027909 0.014914
0 0.074833 0.453047 0.023088 0.016983
0 0.116569 0.462537 0.031968 0.019980
0 0.101473 0.481019 0.040848 0.020979
0 0.078385 0.469530 0.062160 0.015984
0 0.018000 0.461538 0.030192 0.021978
1 0.473545 0.561439 0.142080 0.077922
1 0.387409 0.487013 0.055056 0.040959
2 0.683113 0.561938 0.127872 0.074925
2 0.744385 0.534466 0.090576 0.065934
2 0.800329 0.525475 0.092352 0.055944
2 0.954333 0.552947 0.091334 0.082917
2 0.908665 0.525974 0.067488 0.060939
2 0.882913 0.506993 0.069264 0.044955
2 0.551689 0.542957 0.085248 0.090909
2 0.608521 0.527473 0.049728 0.067932
2 0.176065 0.511988 0.072816 0.050949
2 0.261313 0.503497 0.079920 0.047952
2 0.335905 0.496004 0.044400 0.050949
2 0.075721 0.516484 0.067488 0.061938
2 0.012108 0.501998 0.024216 0.054945
2 0.423240 0.481563 0.039072 0.032234
2 0.403704 0.447497 0.033862 0.013919
2 0.447334 0.448596 0.029955 0.013187
2 0.599064 0.449695 0.041677 0.015385
2 0.642694 0.450061 0.024746 0.014652
2 0.695442 0.451893 0.033862 0.013919
2 0.739723 0.448962 0.031258 0.013919
2 0.792470 0.450061 0.042979 0.014652
3 0.212620 0.445169 0.020757 0.019918
3 0.404927 0.437271 0.021978 0.013736
3 0.497113 0.437614 0.028083 0.011676
3 0.549005 0.440705 0.021978 0.015110
3 0.599677 0.440362 0.015873 0.019918
3 0.646075 0.439675 0.018315 0.013049
3 0.697357 0.438301 0.015873 0.014423
3 0.742534 0.440362 0.015873 0.018544
3 0.790764 0.437614 0.017094 0.015797
3 0.883560 0.446200 0.026862 0.015110
2 0.493450 0.446200 0.025641 0.015110
2 0.542900 0.449290 0.039072 0.013049
2 0.144505 0.482051 0.039072 0.039560