1 0.838780 0.498721 0.088179 0.084476
1 0.919381 0.497946 0.045467 0.070526
1 0.708578 0.483608 0.050979 0.052701
1 0.662421 0.486709 0.057868 0.052701
1 0.624532 0.487871 0.056490 0.047276
1 0.563908 0.487484 0.064757 0.069751
1 0.511552 0.470433 0.059245 0.055801
1 0.458507 0.483996 0.063379 0.053476
1 0.386172 0.476246 0.064757 0.050376
1 0.337949 0.466946 0.045467 0.039526
1 0.283526 0.472371 0.055112 0.044176
1 0.238058 0.477021 0.038578 0.034876
1 0.185702 0.470433 0.046845 0.038751
1 0.036899 0.475858 0.066134 0.066651
0 0.980029 0.441176 0.035915 0.023173
0 0.943058 0.445633 0.040140 0.026144
0 0.899749 0.445930 0.052816 0.026738
0 0.829504 0.436720 0.072886 0.036839
0 0.776160 0.449792 0.031689 0.017825
0 0.734964 0.442068 0.029577 0.024955
0 0.709612 0.445930 0.033802 0.026738
0 0.655212 0.446524 0.039084 0.024361
0 0.617185 0.451277 0.043309 0.023173
0 0.559616 0.437611 0.048590 0.026738
0 0.497293 0.428699 0.035915 0.021985
0 0.461378 0.441771 0.035915 0.025550
0 0.411732 0.442662 0.029577 0.017825
0 0.372120 0.439691 0.032746 0.022579
0 0.336205 0.438503 0.028520 0.014260
0 0.271242 0.441474 0.035915 0.020202
0 0.228989 0.452466 0.025352 0.014854
0 0.173533 0.443256 0.036971 0.016637
0 0.022480 0.423351 0.041196 0.035056