0 0.036236 0.354256 0.070129 0.030166
0 0.126476 0.350775 0.052597 0.025525
0 0.194027 0.352516 0.035065 0.022044
0 0.171338 0.373110 0.043315 0.020304
0 0.087801 0.352516 0.035065 0.019724
0 0.220371 0.356699 0.020463 0.015083
0 0.274353 0.345783 0.038104 0.021831
0 0.244716 0.350943 0.021169 0.015480
0 0.333979 0.373369 0.091027 0.034929
0 0.390077 0.406909 0.064918 0.038501
0 0.449350 0.380315 0.057862 0.030563
0 0.416891 0.350348 0.029637 0.014289
0 0.369613 0.359279 0.033870 0.015480
0 0.456406 0.345585 0.016935 0.010320
0 0.475811 0.356103 0.054334 0.021037
0 0.393958 0.354714 0.017641 0.013495
0 0.358323 0.347173 0.016935 0.007938
0 0.499450 0.347173 0.045161 0.019052
0 0.566284 0.348455 0.033690 0.017790
0 0.612006 0.340720 0.017876 0.008508
0 0.631601 0.348842 0.019939 0.009282
0 0.533282 0.354449 0.022689 0.011989
0 0.601693 0.355610 0.013751 0.008895
0 0.693823 0.367212 0.090756 0.038288
0 0.755713 0.371980 0.062802 0.040089
0 0.743718 0.348562 0.024697 0.012305
0 0.874613 0.352333 0.018347 0.010320
0 0.895429 0.352134 0.021875 0.008335
0 0.935298 0.348363 0.043749 0.016671
0 0.916245 0.361462 0.050806 0.019052
0 0.974823 0.358088 0.050354 0.017861
0 0.986466 0.380911 0.027068 0.029372
1 0.061457 0.452013 0.120301 0.128409
1 0.137188 0.443656 0.106532 0.123110
1 0.270172 0.398815 0.071021 0.056255
1 0.203137 0.388216 0.044207 0.036688
1 0.332618 0.480752 0.167407 0.132078
1 0.438425 0.465669 0.084791 0.103542
1 0.481907 0.451402 0.050005 0.091313
1 0.496764 0.431631 0.065224 0.088460
1 0.529738 0.416548 0.058701 0.088460
1 0.565490 0.402892 0.068847 0.072561
1 0.594478 0.385770 0.038409 0.050548
1 0.700769 0.485712 0.174654 0.137377
1 0.779399 0.407647 0.044932 0.027720
1 0.873249 0.395214 0.019567 0.051771
1 0.885569 0.384208 0.019567 0.013452
1 0.912745 0.418042 0.082617 0.066447
1 0.937748 0.426399 0.058701 0.078268