0 0.834702 0.383244 0.145399 0.076544
0 0.962392 0.366992 0.057787 0.029359
0 0.914858 0.365419 0.048466 0.026214
1 0.784372 0.543148 0.268428 0.218098
1 0.955565 0.438293 0.088870 0.098563
1 0.797421 0.411555 0.216234 0.082835
1 0.569070 0.465031 0.087612 0.095418
1 0.490779 0.455594 0.072699 0.112195
1 0.393846 0.446681 0.154719 0.123729
1 0.254972 0.424662 0.059651 0.075495
1 0.143127 0.436720 0.108117 0.108000
1 0.059243 0.445633 0.111845 0.125826
0 0.787168 0.324526 0.106253 0.057670
1 0.626857 0.393730 0.035418 0.030408
0 0.577459 0.394254 0.052194 0.037748
0 0.492643 0.364895 0.050330 0.033554
0 0.414351 0.342351 0.072699 0.038796
0 0.272681 0.365943 0.031689 0.023068
0 0.227943 0.359652 0.061515 0.039845
0 0.156175 0.362273 0.070835 0.036699
0 0.082544 0.352836 0.054058 0.034602
0 0.041534 0.346545 0.072699 0.047185