2 0.771323 0.332390 0.190137 0.176156
1 0.896217 0.316661 0.149127 0.163573
1 0.580255 0.268953 0.113709 0.114292
1 0.460021 0.268428 0.115573 0.130020
1 0.399438 0.318234 0.117437 0.149942
1 0.297846 0.338157 0.178952 0.170913
1 0.171088 0.257418 0.082020 0.105903
1 0.077884 0.262137 0.134214 0.125826
0 0.871984 0.198700 0.104389 0.072350
0 0.760139 0.195030 0.104389 0.071301
0 0.614740 0.171438 0.063379 0.032505
0 0.568138 0.186642 0.063379 0.044039
0 0.438584 0.166719 0.080156 0.065010
0 0.377069 0.203418 0.080156 0.060816
0 0.291322 0.213379 0.098797 0.074447
0 0.169224 0.190311 0.070835 0.049282
0 0.056447 0.165671 0.087612 0.071301