0 0.025057 0.322175 0.021624 0.008271
0 0.052304 0.315120 0.015570 0.008758
0 0.157830 0.315850 0.017299 0.007298
0 0.198484 0.314147 0.019029 0.010704
0 0.228758 0.311471 0.013840 0.010217
0 0.247788 0.312688 0.024219 0.009731
0 0.288153 0.316337 0.025949 0.012164
0 0.318427 0.314877 0.019029 0.010217
0 0.058070 0.346746 0.032869 0.016543
0 0.106076 0.330203 0.028544 0.013623
0 0.134188 0.329717 0.024219 0.010704
0 0.113429 0.340907 0.044979 0.015570
0 0.163164 0.338718 0.049303 0.019948
0 0.186807 0.359883 0.045844 0.021408
0 0.227461 0.353801 0.035464 0.014110
0 0.220541 0.378615 0.057953 0.032599
0 0.290604 0.379831 0.106392 0.036978
0 0.271787 0.333179 0.033690 0.018950
0 0.303758 0.339367 0.044003 0.017403
0 0.349479 0.329118 0.022689 0.011602
0 0.377439 0.337433 0.047440 0.017403
0 0.461205 0.341687 0.055003 0.019724
0 0.429922 0.323703 0.026814 0.013149
0 0.542335 0.324864 0.056378 0.024752
0 0.552419 0.363345 0.048128 0.039834
0 0.607766 0.356383 0.088693 0.030553
0 0.723617 0.376107 0.110007 0.046796
0 0.593900 0.328602 0.033002 0.017790
0 0.668842 0.332470 0.034377 0.016243
0 0.738284 0.324928 0.035752 0.015856
0 0.758223 0.338851 0.055003 0.026685
0 0.847603 0.344652 0.059129 0.025912
0 0.889658 0.340011 0.043315 0.020497
0 0.954631 0.325508 0.033002 0.014696
0 0.986826 0.340785 0.026347 0.012763
0 0.910055 0.363796 0.081818 0.032486
0 0.973309 0.361282 0.050191 0.018950
1 0.054822 0.394518 0.056878 0.061703
1 0.117388 0.378293 0.065004 0.052105
1 0.147182 0.376693 0.058504 0.037022
1 0.199997 0.423085 0.074755 0.026509
1 0.275971 0.486159 0.164948 0.138032
1 0.434282 0.409220 0.071504 0.078614
1 0.574854 0.467267 0.167385 0.142602
1 0.707299 0.486387 0.190137 0.146716
1 0.874007 0.450280 0.143821 0.111065
1 0.833786 0.408535 0.108882 0.063531
1 0.973213 0.472490 0.053574 0.127877
1 0.969715 0.410519 0.060570 0.039347