0 0.063155 0.273881 0.105449 0.038168
0 0.183275 0.317722 0.059602 0.036105
0 0.279554 0.308438 0.066937 0.022694
0 0.313940 0.324943 0.106366 0.047452
0 0.352910 0.302507 0.035761 0.014958
0 0.404718 0.317980 0.095363 0.041778
0 0.468446 0.272591 0.092612 0.033526
0 0.556473 0.286775 0.072439 0.035073
0 0.604612 0.296059 0.058685 0.026821
0 0.654586 0.285744 0.059602 0.026821
0 0.680719 0.276975 0.047681 0.021663
0 0.818719 0.301217 0.114618 0.045389
0 0.928753 0.301991 0.116452 0.053126
0 0.867318 0.276460 0.054100 0.017537
0 0.929212 0.271818 0.055017 0.017537
1 0.045562 0.419358 0.088732 0.109610
1 0.098628 0.389753 0.146147 0.123801
1 0.206063 0.374829 0.089602 0.072421
1 0.332637 0.469759 0.196603 0.183010
1 0.423110 0.446271 0.132229 0.147778
1 0.499228 0.391955 0.124399 0.139949
1 0.585785 0.387062 0.048716 0.128205
1 0.641026 0.384126 0.051326 0.111568
1 0.688871 0.362351 0.047846 0.102271
1 0.941650 0.435751 0.116700 0.171756
2 0.850242 0.451165 0.229660 0.198669