0 0.830092 0.393777 0.050415 0.040512
0 0.758071 0.399449 0.053296 0.045374
0 0.686049 0.410792 0.064819 0.046994
0 0.615468 0.412413 0.067700 0.056717
0 0.551369 0.419300 0.077783 0.047804
0 0.459902 0.386080 0.096509 0.067250
0 0.399404 0.387701 0.073462 0.052666
0 0.341067 0.373926 0.048975 0.042943
0 0.286330 0.370280 0.077783 0.051855
0 0.233034 0.399044 0.092187 0.057527
0 0.171096 0.397018 0.074902 0.043753
1 0.632754 0.485740 0.079224 0.117485
1 0.484389 0.504375 0.151245 0.153136
1 0.314419 0.454545 0.116675 0.119916
1 0.208547 0.488170 0.138281 0.122346
1 0.047219 0.458192 0.089307 0.109383
0 0.076028 0.400259 0.043213 0.037271