0 0.983073 0.235227 0.033854 0.017499
0 0.971231 0.228833 0.043673 0.016153
0 0.939524 0.219074 0.054441 0.018845
0 0.875211 0.204435 0.067005 0.021201
0 0.897347 0.224963 0.074184 0.033315
0 0.801925 0.219915 0.064013 0.019182
0 0.783678 0.246837 0.071791 0.036008
0 0.720263 0.204604 0.056236 0.019518
0 0.709793 0.220925 0.064013 0.025912
0 0.644883 0.214363 0.057433 0.018845
0 0.543179 0.216887 0.099311 0.041392
0 0.466303 0.228328 0.062817 0.062256
0 0.410965 0.199051 0.070594 0.025912
0 0.374770 0.224290 0.073585 0.035334
0 0.341268 0.231357 0.096319 0.050141
0 0.116024 0.151097 0.144778 0.061920
0 0.026585 0.199388 0.038887 0.047449
0 0.186918 0.215372 0.054441 0.047113
1 0.152032 0.365059 0.302034 0.262453
1 0.545001 0.392461 0.254401 0.194252
1 0.441616 0.333090 0.101761 0.125441
1 0.337691 0.368408 0.106091 0.172939
1 0.982787 0.437523 0.034425 0.163805
1 0.940568 0.385154 0.118864 0.177201
1 0.856236 0.349531 0.119081 0.155888
1 0.748522 0.358665 0.111504 0.148581
1 0.700348 0.305992 0.106091 0.110218
1 0.636477 0.295640 0.054128 0.102911