1 0.843221 0.502262 0.203787 0.165913
1 0.089197 0.445467 0.103558 0.104540
1 0.208474 0.479274 0.134995 0.117023
1 0.332374 0.464451 0.109106 0.094659
1 0.524850 0.477974 0.158111 0.130025
1 0.384153 0.453529 0.098010 0.089458
1 0.618083 0.460030 0.068422 0.109742
1 0.435473 0.418155 0.087499 0.055172
1 0.665863 0.441375 0.064213 0.098436
1 0.700792 0.460229 0.059273 0.081369
1 0.950116 0.452886 0.080442 0.086529
0 0.091240 0.359014 0.059979 0.028975
0 0.209793 0.373078 0.078380 0.034033
0 0.296768 0.409045 0.065317 0.039448
0 0.378012 0.381973 0.055003 0.028619
0 0.426140 0.359735 0.052253 0.024365
0 0.515062 0.367083 0.083880 0.035967
0 0.613037 0.369597 0.074942 0.037127
0 0.258609 0.352387 0.045378 0.020497
0 0.305706 0.365729 0.051566 0.021658
0 0.697948 0.386614 0.055003 0.028619
0 0.855052 0.371724 0.107944 0.044475
0 0.573274 0.352000 0.038502 0.017403
0 0.377554 0.361862 0.038502 0.014696
0 0.329082 0.354514 0.032314 0.012376
0 0.477591 0.349680 0.041940 0.017403
0 0.134622 0.376752 0.044003 0.022044
0 0.162811 0.362829 0.035752 0.018177
0 0.026220 0.360895 0.035752 0.019724
0 0.457767 0.373078 0.027502 0.023205
0 0.781141 0.346844 0.023376 0.011216
0 0.772203 0.365601 0.024752 0.013923
0 0.717887 0.354578 0.023376 0.009669
0 0.678697 0.346650 0.022001 0.008508
0 0.634695 0.354385 0.046753 0.023978
0 0.902836 0.364247 0.056378 0.039061
0 0.959902 0.375269 0.031627 0.027072