0 0.916848 0.250545 0.080984 0.045554
0 0.816498 0.230244 0.091547 0.052486
0 0.707889 0.235217 0.112980 0.064326
0 0.611443 0.260405 0.055112 0.020150
0 0.499152 0.233279 0.108846 0.063551
0 0.410972 0.232117 0.075779 0.050376
0 0.274570 0.197241 0.166714 0.079826
0 0.150568 0.217779 0.100580 0.055801
0 0.025188 0.250717 0.048223 0.044176
1 0.913181 0.348369 0.115735 0.126327
1 0.808468 0.339068 0.143291 0.158878
1 0.670688 0.361544 0.157069 0.165078
1 0.397194 0.330156 0.114358 0.130202
1 0.212569 0.385957 0.241115 0.255754
2 0.481240 0.346819 0.208048 0.144928