1 0.041149 0.446204 0.081400 0.091575
1 0.139308 0.516771 0.181953 0.152984
1 0.219271 0.494685 0.106299 0.126050
1 0.282955 0.480679 0.113002 0.109890
1 0.527634 0.526736 0.179080 0.161064
1 0.615738 0.451052 0.110130 0.058177
1 0.441446 0.489837 0.098638 0.124973
1 0.417664 0.410831 0.063205 0.049558
1 0.380316 0.372046 0.030645 0.021547
1 0.345841 0.396556 0.030645 0.038246
2 0.711503 0.464968 0.085231 0.107197
1 0.946010 0.516412 0.107980 0.157294
1 0.857065 0.489209 0.180995 0.122280
1 0.825941 0.456619 0.080442 0.104503
1 0.804873 0.418103 0.103426 0.039323
1 0.678623 0.395748 0.046925 0.042017
0 0.024336 0.369289 0.048438 0.024327
0 0.052880 0.361748 0.053628 0.022868
0 0.100886 0.353476 0.042384 0.017029
0 0.193438 0.355666 0.030274 0.014596
0 0.137648 0.396536 0.100337 0.036978
0 0.189114 0.395319 0.068333 0.034545
0 0.276908 0.389724 0.074388 0.026274
0 0.299830 0.385345 0.057953 0.029193
0 0.333564 0.361261 0.025084 0.013137
0 0.382867 0.352747 0.014705 0.007785
0 0.424819 0.364910 0.041519 0.020435
0 0.476861 0.374884 0.070063 0.027733
0 0.525300 0.395563 0.097742 0.043789
0 0.606174 0.386805 0.081307 0.036004
0 0.567107 0.345935 0.052763 0.024327
0 0.555429 0.372695 0.048438 0.025300
0 0.491854 0.343259 0.019894 0.009244
0 0.519101 0.350071 0.025949 0.009244
0 0.642792 0.362721 0.039789 0.015083
0 0.666578 0.354206 0.028544 0.018489
0 0.709395 0.353233 0.053628 0.023354
0 0.781187 0.350071 0.031139 0.017029
0 0.728424 0.381453 0.053628 0.023354
0 0.771240 0.367586 0.026814 0.013137
0 0.812326 0.362477 0.055358 0.024327
0 0.873307 0.367343 0.073523 0.026274
0 0.896229 0.350071 0.032869 0.015083
0 0.892336 0.386805 0.087362 0.034058
0 0.977091 0.380966 0.045818 0.036004
0 0.948992 0.353233 0.025949 0.012650