0 0.954548 0.257943 0.090903 0.081787
2 0.939413 0.395303 0.121174 0.178253
1 0.847758 0.300409 0.074881 0.099612
1 0.776064 0.324526 0.084440 0.108000
1 0.655776 0.327147 0.114711 0.134214
1 0.583285 0.376429 0.122677 0.148894
1 0.492472 0.397400 0.176846 0.174059
1 0.375371 0.312467 0.086033 0.096466
1 0.282965 0.320856 0.133830 0.127923
1 0.181796 0.365419 0.173660 0.139457
1 0.094086 0.294118 0.099310 0.112894
0 0.830087 0.224514 0.049010 0.033104
0 0.810096 0.235549 0.068356 0.038197
0 0.763020 0.244037 0.059328 0.039895
0 0.695309 0.230880 0.060618 0.054325
0 0.633401 0.227485 0.081254 0.061115
0 0.573428 0.257194 0.085123 0.050929
0 0.485081 0.266955 0.088992 0.060267
0 0.365135 0.245310 0.052879 0.042441
0 0.256796 0.221968 0.086413 0.058569
0 0.162645 0.252525 0.081254 0.053476
0 0.199403 0.209660 0.064487 0.049232
0 0.112345 0.209235 0.083833 0.058569