0 0.919463 0.262220 0.105076 0.049723
0 0.784366 0.263158 0.101740 0.057229
0 0.690965 0.237827 0.131761 0.072239
0 0.565875 0.262689 0.071718 0.048785
0 0.388248 0.244863 0.083393 0.046909
0 0.307356 0.278169 0.068382 0.034712
0 0.198945 0.272071 0.091733 0.048785
0 0.075523 0.223285 0.141769 0.097570
1 0.907788 0.379492 0.141769 0.164181
2 0.797709 0.360728 0.158447 0.122901
1 0.664280 0.387935 0.218490 0.212966
1 0.467471 0.457360 0.271862 0.231729
1 0.362396 0.341026 0.141769 0.121024
1 0.177263 0.428746 0.315227 0.272071
1 0.075705 0.455953 0.151410 0.347124
0 0.474995 0.271390 0.142602 0.063280