0 0.031760 0.296927 0.053628 0.035489
0 0.143748 0.302694 0.107257 0.052347
0 0.238386 0.296927 0.088329 0.046136
0 0.312519 0.253453 0.091484 0.040813
0 0.404792 0.265430 0.067824 0.038151
0 0.558053 0.256262 0.050474 0.023955
0 0.509157 0.266022 0.059937 0.027504
0 0.459472 0.277112 0.055206 0.030166
0 0.782819 0.255819 0.058360 0.023068
0 0.706319 0.258480 0.056783 0.021294
0 0.753638 0.283767 0.107257 0.055896
0 0.642439 0.280661 0.115143 0.047911
0 0.986705 0.286872 0.026590 0.010647
1 0.956736 0.410197 0.086528 0.179221
1 0.785710 0.411528 0.173503 0.171236
1 0.158207 0.447461 0.206627 0.191642
1 0.265463 0.426611 0.159308 0.162364
1 0.348797 0.368054 0.160885 0.155266
1 0.419776 0.367166 0.104102 0.130423
1 0.485234 0.362730 0.105679 0.112679
1 0.528610 0.343655 0.107257 0.102919
1 0.045167 0.365836 0.086752 0.106468
1 0.668990 0.429273 0.220822 0.192530