1 0.882204 0.468806 0.098237 0.105169
1 0.709497 0.483957 0.155278 0.156863
0 0.865567 0.390374 0.074470 0.046346
0 0.955090 0.397950 0.066548 0.049020
0 0.801396 0.405971 0.076055 0.054367
0 0.701575 0.370321 0.098237 0.075758
0 0.528075 0.351604 0.061794 0.052585
1 0.558180 0.441176 0.115666 0.110517
1 0.454397 0.469697 0.123589 0.119430
1 0.269806 0.442068 0.115666 0.098039
1 0.166815 0.425134 0.080808 0.074866
1 0.069370 0.433155 0.107744 0.087344
0 0.638988 0.370321 0.052288 0.047237
0 0.471034 0.379679 0.080808 0.051693
0 0.410824 0.382353 0.061794 0.049911
0 0.318925 0.382353 0.049119 0.035651
0 0.581155 0.358734 0.044365 0.041889
0 0.246039 0.365865 0.071301 0.050802
0 0.150970 0.368984 0.052288 0.032086
0 0.044811 0.365419 0.058625 0.044563