1 0.111195 0.794118 0.219876 0.411764
1 0.924782 0.492081 0.150436 0.144904
1 0.853873 0.455990 0.117791 0.096423
1 0.809342 0.450873 0.126410 0.106658
1 0.727942 0.451411 0.055544 0.081879
1 0.693467 0.443062 0.059374 0.072721
1 0.661864 0.439291 0.028729 0.061948
1 0.636008 0.429326 0.067035 0.063564
1 0.550777 0.499892 0.164715 0.138979
1 0.183519 0.467841 0.087146 0.110429
1 0.231880 0.420707 0.067035 0.037707
1 0.252470 0.418283 0.075654 0.066257
1 0.324772 0.409125 0.068951 0.050097
1 0.365951 0.401314 0.036391 0.043094
1 0.397075 0.399160 0.037348 0.042017
1 0.447351 0.419091 0.045967 0.071105
1 0.473687 0.474305 0.071824 0.107197
0 0.201236 0.364954 0.042137 0.028550
0 0.251033 0.359298 0.051713 0.021547
0 0.284072 0.372764 0.031602 0.021547
0 0.296522 0.362799 0.037348 0.021008
0 0.335306 0.362799 0.034475 0.017776
0 0.359248 0.358759 0.034475 0.012928
0 0.404736 0.363876 0.027772 0.012390
0 0.407130 0.353372 0.022984 0.006464
0 0.476081 0.354449 0.045967 0.017238
0 0.433944 0.375997 0.034475 0.010774
0 0.441605 0.366300 0.034475 0.008619
0 0.514865 0.366839 0.052671 0.024779
0 0.557002 0.382730 0.077569 0.032859
0 0.502416 0.393504 0.037348 0.027473
0 0.987348 0.361722 0.025304 0.016699
0 0.945009 0.375727 0.088104 0.037169
0 0.893296 0.373034 0.051713 0.025318
0 0.815248 0.363607 0.064162 0.031243
0 0.860257 0.366839 0.043094 0.014006
0 0.850681 0.352295 0.037348 0.015083
0 0.745818 0.363068 0.024899 0.010774
0 0.735763 0.358490 0.022026 0.010235
0 0.711822 0.357143 0.020111 0.009696
0 0.691711 0.359298 0.016280 0.008619
0 0.759225 0.387039 0.055544 0.019931
0 0.714695 0.384615 0.045009 0.021547
0 0.688359 0.379229 0.036391 0.016160
0 0.656278 0.377613 0.037348 0.018315
0 0.615578 0.376535 0.036391 0.014006
0 0.598340 0.357682 0.044052 0.010774
0 0.577272 0.347985 0.024899 0.006464
0 0.563865 0.358490 0.017238 0.010235