1 0.481458 0.916273 0.523808 0.167453
1 0.128418 0.857712 0.256836 0.283108
1 0.162700 0.640663 0.262836 0.216001
1 0.873848 0.562546 0.246059 0.214952
1 0.538313 0.506973 0.227418 0.189787
2 0.653886 0.707245 0.305710 0.261088
0 0.490779 0.697284 0.285205 0.169865
0 0.092796 0.632274 0.178952 0.136311
0 0.668799 0.515361 0.175224 0.114292
0 0.900877 0.394778 0.139806 0.082835
0 0.151515 0.465031 0.150991 0.078641
1 0.723789 0.449827 0.154719 0.096466
1 0.292254 0.473944 0.231147 0.161476
1 0.078816 0.440914 0.143535 0.143651
1 0.414351 0.381671 0.124894 0.102758
1 0.168292 0.372759 0.102525 0.080738
0 0.718197 0.361749 0.083884 0.050330
0 0.548565 0.357031 0.106253 0.070253
0 0.270817 0.357031 0.102525 0.068156
0 0.406895 0.297263 0.087612 0.055573
0 0.084408 0.337108 0.091340 0.055573
0 0.933499 0.340778 0.070835 0.035651
0 0.865460 0.340254 0.068971 0.038796
0 0.720993 0.308273 0.078292 0.046136
0 0.859867 0.275244 0.065243 0.045088
0 0.741498 0.274720 0.070835 0.033554
0 0.498160 0.274436 0.064699 0.037879
0 0.612374 0.249554 0.052816 0.031194
0 0.377344 0.261809 0.055457 0.030452
0 0.322547 0.274064 0.064699 0.032680
0 0.258508 0.298945 0.079224 0.046791
0 0.172023 0.298574 0.072622 0.044563
0 0.107323 0.301173 0.069981 0.039364
0 0.051207 0.275921 0.068660 0.039364
0 0.116566 0.261809 0.062058 0.030452
0 0.190508 0.258096 0.064699 0.034908
0 0.273033 0.242870 0.055457 0.028223
0 0.719986 0.240270 0.048855 0.024510
0 0.555597 0.235071 0.050175 0.025995
0 0.469771 0.207962 0.034330 0.019311
0 0.383285 0.201649 0.040932 0.017083
0 0.982459 0.221702 0.035081 0.018568
2 0.965954 0.270351 0.068091 0.063874
1 0.378664 0.231729 0.063379 0.029709
1 0.460528 0.239899 0.058097 0.032680