1 0.030250 0.444139 0.060500 0.113187
1 0.159158 0.410073 0.111355 0.078022
1 0.351587 0.411172 0.140659 0.102198
1 0.414103 0.404029 0.089866 0.065934
1 0.974786 0.384249 0.039072 0.024176
2 0.597741 0.444139 0.132845 0.137363
2 0.468803 0.397436 0.074237 0.037363
0 0.591880 0.352381 0.082051 0.039560
0 0.980556 0.354029 0.038888 0.023077
0 0.421917 0.356777 0.054701 0.026374
0 0.361355 0.336447 0.066422 0.040659
0 0.180647 0.350733 0.056654 0.029670
3 0.447314 0.356777 0.050794 0.021978
3 0.479190 0.370642 0.050649 0.026048