1 0.725831 0.433749 0.294008 0.299069
1 0.893081 0.367399 0.103871 0.136661
1 0.433584 0.416914 0.276402 0.231729
1 0.290982 0.361458 0.086266 0.108932
1 0.202955 0.364924 0.135560 0.119826
1 0.056144 0.373341 0.112288 0.148544
0 0.960167 0.278349 0.051191 0.038393
0 0.900445 0.268751 0.070692 0.047991
0 0.812689 0.246126 0.090193 0.065817
0 0.682275 0.230358 0.207200 0.112437
0 0.544548 0.267722 0.065817 0.040450
0 0.422666 0.253668 0.153572 0.112437
0 0.301393 0.284177 0.071911 0.040450
0 0.223388 0.277664 0.091412 0.046620
0 0.117350 0.276978 0.049972 0.028795
0 0.067988 0.271836 0.048753 0.036336
0 0.024110 0.267722 0.043878 0.055533