0 0.881693 0.286478 0.061870 0.034802
0 0.946319 0.307982 0.038732 0.025748
0 0.814866 0.310623 0.038732 0.019146
0 0.780243 0.316894 0.039905 0.025087
0 0.739750 0.318215 0.045774 0.023767
0 0.660527 0.309962 0.065726 0.032350
0 0.577195 0.306331 0.075116 0.042253
0 0.515577 0.282894 0.083331 0.054796
0 0.389406 0.291147 0.119716 0.077903
0 0.147627 0.211923 0.166663 0.084505
0 0.040364 0.312273 0.080727 0.158447
0 0.290817 0.300720 0.053989 0.027068
0 0.450438 0.306001 0.061032 0.058758
0 0.333069 0.328778 0.065726 0.033010
1 0.865921 0.376312 0.140842 0.121476
1 0.719211 0.385555 0.079810 0.092428
1 0.655832 0.387535 0.093895 0.102991
1 0.530835 0.381264 0.134974 0.137981
1 0.393514 0.441342 0.219479 0.189476
1 0.222156 0.400739 0.111500 0.237671