1 0.701686 0.897170 0.417905 0.205660
1 0.259024 0.779300 0.376312 0.301916
1 0.780910 0.708556 0.259457 0.187166
0 0.718521 0.722482 0.225787 0.137032
0 0.238228 0.530303 0.204001 0.113636
0 0.806657 0.550914 0.176273 0.081328
0 0.067123 0.533645 0.134246 0.093583
0 0.373898 0.425579 0.126758 0.069073
1 0.365976 0.549799 0.178253 0.157086
1 0.666035 0.515820 0.196078 0.140374
1 0.882910 0.476270 0.142602 0.130348
1 0.773978 0.459002 0.106952 0.095811
1 0.540268 0.448975 0.150525 0.140374
0 0.702676 0.420009 0.091107 0.053476
0 0.889842 0.382130 0.077243 0.044563
0 0.788832 0.381573 0.089127 0.045677
0 0.724463 0.384915 0.059418 0.036765
0 0.893471 0.350024 0.070581 0.029169
0 0.804335 0.338293 0.068890 0.030226
0 0.889759 0.322018 0.044090 0.025575
0 0.983458 0.280167 0.033084 0.017825
0 0.736134 0.342944 0.064757 0.028676
0 0.670688 0.358444 0.060623 0.036426
0 0.543930 0.340231 0.085424 0.041851
0 0.560464 0.313880 0.055112 0.027900
0 0.450240 0.341393 0.057868 0.033326
0 0.375839 0.347981 0.077157 0.035651
0 0.383416 0.317368 0.064757 0.030226
0 0.303504 0.401845 0.084046 0.055026
0 0.300748 0.357669 0.075779 0.033326
0 0.310393 0.323568 0.056490 0.033326
0 0.065984 0.487871 0.131968 0.067426
2 0.203568 0.442291 0.158447 0.084670
2 0.077800 0.427250 0.136661 0.083556
0 0.222214 0.359219 0.106091 0.059676
0 0.096468 0.350360 0.097254 0.044256
0 0.201918 0.323007 0.052451 0.025201
0 0.111767 0.311943 0.071028 0.030119
0 0.058769 0.320548 0.054637 0.027660
0 0.263658 0.297806 0.055730 0.020284
1 0.974376 0.315062 0.051248 0.036542
1 0.972792 0.394831 0.054416 0.051693
0 0.976753 0.341355 0.046494 0.035651