2 0.272646 0.336655 0.084985 0.070491
2 0.195583 0.369875 0.144043 0.096419
1 0.809926 0.432264 0.174292 0.146654
1 0.919399 0.383244 0.133960 0.128018
1 0.725661 0.356911 0.100830 0.096419
1 0.585940 0.327338 0.120996 0.066440
1 0.574416 0.396613 0.172852 0.122346
1 0.364114 0.369470 0.135400 0.115054
0 0.897072 0.278723 0.097949 0.051855
0 0.858901 0.263328 0.064819 0.045374
0 0.797683 0.319640 0.095068 0.065630
0 0.761672 0.275077 0.074902 0.065630
0 0.590981 0.268190 0.067700 0.055096
0 0.537685 0.281559 0.061938 0.044563
0 0.492312 0.340301 0.089307 0.068060
0 0.346828 0.288446 0.086426 0.059958
0 0.235195 0.290877 0.073462 0.051855
0 0.150930 0.292092 0.077783 0.052666