0 0.967559 0.208672 0.064882 0.036038
0 0.921685 0.246745 0.045467 0.033132
0 0.882418 0.225238 0.051668 0.020344
0 0.827650 0.226401 0.070268 0.031969
0 0.844184 0.254592 0.138469 0.049988
0 0.765649 0.222913 0.059934 0.030807
0 0.671097 0.216810 0.029967 0.022088
0 0.690731 0.225820 0.032034 0.022669
0 0.613746 0.201116 0.049601 0.026738
0 0.623046 0.224366 0.084735 0.031388
0 0.531595 0.213322 0.050634 0.016275
0 0.527461 0.242385 0.102302 0.034876
0 0.458227 0.199372 0.069235 0.022088
0 0.444793 0.213322 0.063034 0.024413
0 0.377109 0.208963 0.049601 0.024994
0 0.728965 0.240642 0.089902 0.036038
0 0.275840 0.209544 0.119869 0.042432
0 0.192139 0.220879 0.074401 0.067426
0 0.131171 0.194141 0.053734 0.031388
0 0.083120 0.221460 0.081635 0.043013
0 0.040753 0.208963 0.058901 0.036619
1 0.270673 0.381597 0.281072 0.177284
1 0.164238 0.331900 0.126069 0.125552
1 0.062453 0.337131 0.114702 0.134852
1 0.815250 0.414148 0.248004 0.209835
1 0.685047 0.368519 0.159136 0.153453
1 0.570862 0.340037 0.129169 0.145315
1 0.468044 0.327540 0.064068 0.102883
1 0.426710 0.280749 0.084735 0.083701
1 0.366258 0.274064 0.075435 0.072658
1 0.963426 0.346431 0.073148 0.149965