1 0.949377 0.374889 0.101245 0.143717
1 0.794774 0.393828 0.188156 0.168226
1 0.571957 0.422794 0.312933 0.277406
1 0.319432 0.405526 0.251535 0.222816
1 0.156033 0.376560 0.233710 0.182709
1 0.057994 0.373775 0.108932 0.190508
0 0.929454 0.273507 0.081204 0.045677
0 0.880929 0.249554 0.071301 0.046791
0 0.774968 0.246769 0.124777 0.061275
0 0.632365 0.217803 0.160428 0.108066
0 0.537297 0.262366 0.089127 0.052362
0 0.449161 0.225602 0.099030 0.079100
0 0.321413 0.252340 0.128738 0.096925
0 0.170888 0.231729 0.140622 0.082442
0 0.080771 0.221702 0.110913 0.064617
0 0.052052 0.186052 0.097049 0.064617