2 0.636056 0.490457 0.378382 0.161943
2 0.626802 0.403702 0.261166 0.080972
2 0.413962 0.462117 0.127498 0.061307
1 0.593899 0.348757 0.199473 0.077501
1 0.260759 0.343551 0.162457 0.067091
1 0.254589 0.295547 0.129555 0.061307
1 0.398539 0.286871 0.121329 0.037016
1 0.163079 0.447079 0.304351 0.149219
0 0.292633 0.382302 0.102821 0.052053
0 0.348157 0.351648 0.074031 0.046270
0 0.450978 0.331984 0.069918 0.025448
0 0.448921 0.364951 0.086370 0.040486
0 0.425273 0.399653 0.125442 0.052053
0 0.929096 0.455176 0.104878 0.063621