0 0.533915 0.359696 0.034975 0.018362
0 0.528669 0.341826 0.036141 0.014099
0 0.557231 0.345760 0.040804 0.012132
0 0.608237 0.333301 0.047216 0.016722
0 0.637382 0.342481 0.055377 0.015411
0 0.652247 0.359696 0.040804 0.026887
0 0.709955 0.355105 0.074613 0.026887
0 0.726860 0.366909 0.083940 0.024264
0 0.346799 0.336088 0.057126 0.020985
0 0.323774 0.356089 0.069367 0.029510
0 0.279180 0.366254 0.071116 0.033445
0 0.364286 0.358876 0.048965 0.018034
0 0.379442 0.349039 0.029146 0.016722
0 0.398678 0.369532 0.033809 0.017050
0 0.185721 0.332313 0.055638 0.014470
0 0.151621 0.343081 0.028118 0.024566
0 0.175850 0.347288 0.027520 0.016826
0 0.196490 0.349475 0.028118 0.013124
0 0.100769 0.333490 0.049655 0.028268
0 0.062181 0.330462 0.037092 0.028941
0 0.098077 0.315823 0.000000 0.001683
0 0.101068 0.365291 0.067005 0.027931
0 0.062181 0.374209 0.081363 0.041055
1 0.063976 0.478530 0.105293 0.130569
1 0.129784 0.460022 0.076577 0.109705
1 0.145638 0.408702 0.055638 0.089178
1 0.184824 0.414760 0.041878 0.090524
1 0.287425 0.471968 0.137001 0.114753
1 0.364301 0.448412 0.057433 0.097254
1 0.413956 0.450094 0.029913 0.096581
1 0.504292 0.408198 0.029913 0.076726
1 0.728639 0.482232 0.144778 0.134608
2 0.628730 0.440672 0.050254 0.099946
2 0.588347 0.419471 0.053245 0.094562
2 0.537496 0.393559 0.059227 0.058891