0 0.578799 0.207008 0.044302 0.024920
0 0.630096 0.215533 0.055960 0.026231
0 0.677895 0.200450 0.067618 0.030166
0 0.794478 0.207664 0.090935 0.043282
0 0.916891 0.181433 0.116583 0.044593
1 0.563061 0.277505 0.096764 0.085907
1 0.605613 0.298490 0.086272 0.104269
1 0.675563 0.294883 0.109588 0.114106
1 0.774659 0.308654 0.125910 0.131156
1 0.891825 0.335869 0.194694 0.198702
1 0.970104 0.347673 0.059792 0.168536
1 0.164540 0.365379 0.321770 0.193455
1 0.349325 0.319475 0.227337 0.244606
0 0.186108 0.180230 0.204021 0.081973
0 0.349325 0.126784 0.152724 0.065578