0 0.990214 0.314283 0.019571 0.023280
0 0.941082 0.302479 0.078694 0.029838
0 0.857433 0.310676 0.073447 0.034428
0 0.778157 0.283297 0.076945 0.024920
0 0.753383 0.311004 0.035558 0.023936
0 0.711996 0.299200 0.035558 0.021313
0 0.683724 0.314611 0.043136 0.021313
0 0.634176 0.304610 0.040804 0.032133
0 0.614066 0.279690 0.041387 0.016395
0 0.546156 0.280018 0.100262 0.041314
0 0.436859 0.282150 0.075196 0.031150
0 0.378276 0.277067 0.066452 0.027543
0 0.060004 0.224933 0.062955 0.030822
0 0.086235 0.242967 0.050131 0.040003
0 0.152979 0.248869 0.102010 0.061643
2 0.138406 0.369696 0.226754 0.147223
2 0.043391 0.301659 0.074030 0.059020
1 0.326012 0.366133 0.052647 0.119801
1 0.381351 0.384136 0.080765 0.136290
1 0.510275 0.398439 0.216569 0.139992
1 0.976492 0.416106 0.047015 0.107350
1 0.935037 0.397429 0.083756 0.122493
1 0.841111 0.418630 0.151957 0.142011
1 0.735818 0.390867 0.090935 0.125522
1 0.644883 0.391035 0.081363 0.117109