0 0.029306 0.185604 0.054318 0.067873
0 0.122977 0.222369 0.197318 0.089869
0 0.310318 0.228025 0.157411 0.077300
0 0.407868 0.232424 0.062078 0.034565
0 0.474010 0.245622 0.068729 0.032051
0 0.595394 0.142555 0.136349 0.040850
0 0.859778 0.220798 0.084248 0.040221
0 0.761119 0.201001 0.075380 0.048391
0 0.621999 0.196288 0.211729 0.104324
1 0.035403 0.318942 0.068729 0.123806
1 0.142930 0.423789 0.283783 0.266466
1 0.329163 0.384511 0.219488 0.176596
1 0.413411 0.333920 0.117504 0.121921
1 0.617934 0.435206 0.327016 0.280920
1 0.770172 0.316847 0.154085 0.141403
1 0.877145 0.325959 0.097550 0.135747