3 0.434350 0.373902 0.042502 0.036139
3 0.530227 0.372512 0.058317 0.041143
3 0.666630 0.385022 0.064248 0.031691
3 0.874198 0.396975 0.105761 0.041143
3 0.618691 0.502613 0.158148 0.114534
3 0.133375 0.473424 0.154194 0.082842
3 0.026626 0.453964 0.051398 0.073946
0 0.879141 0.566274 0.165067 0.088402
0 0.470922 0.515123 0.109715 0.062827
0 0.247538 0.472868 0.097854 0.041699
0 0.300913 0.357500 0.066224 0.022240
0 0.451648 0.428111 0.057329 0.031135
0 0.524297 0.440342 0.064248 0.026687
0 0.782275 0.448960 0.074132 0.031691
1 0.614737 0.687479 0.347925 0.257422
1 0.174395 0.614923 0.279724 0.195708
1 0.536652 0.418937 0.114657 0.053931
1 0.887048 0.453130 0.153206 0.068943
2 0.663496 0.427190 0.105144 0.056746
2 0.424082 0.408808 0.082410 0.048753
2 0.026597 0.560662 0.051861 0.123881
1 0.322846 0.408008 0.103012 0.055946