0 0.019517 0.331406 0.037987 0.022624
0 0.028193 0.356544 0.056386 0.025138
0 0.083759 0.362515 0.097201 0.029537
0 0.065883 0.336119 0.048042 0.019482
0 0.151912 0.340519 0.032400 0.018225
0 0.136270 0.364400 0.059215 0.025767
0 0.210568 0.377598 0.107257 0.044620
0 0.218016 0.332768 0.035752 0.015711
0 0.247065 0.345337 0.058097 0.024510
0 0.324156 0.347536 0.060332 0.026395
0 0.367729 0.343137 0.053628 0.022624
0 0.434578 0.330568 0.030166 0.015083
0 0.389329 0.363876 0.078208 0.032680
0 0.447985 0.360734 0.048042 0.016340
0 0.471447 0.343451 0.030166 0.013198
0 0.512227 0.364191 0.078208 0.028281
0 0.586524 0.346175 0.025697 0.011941
0 0.612780 0.338319 0.033518 0.012569
0 0.650767 0.336434 0.042456 0.015083
0 0.644063 0.361258 0.080442 0.032051
0 0.704395 0.354031 0.037987 0.017597
0 0.757465 0.349317 0.045807 0.019482
0 0.856342 0.348060 0.062566 0.025767
0 0.862487 0.330778 0.027931 0.012569
0 0.924494 0.351202 0.040221 0.019482
0 0.976213 0.342404 0.047574 0.023253
1 0.076497 0.476056 0.147478 0.151458
1 0.206099 0.490510 0.185464 0.150201
1 0.307397 0.416667 0.118429 0.084213
1 0.372756 0.446833 0.121781 0.108095
1 0.509434 0.456574 0.130719 0.118778
1 0.649277 0.435520 0.096084 0.091755
1 0.745920 0.412582 0.097201 0.078557
1 0.840886 0.414781 0.110608 0.093012
1 0.964109 0.404726 0.071781 0.076672