1 0.425160 0.411532 0.218037 0.208091
1 0.260857 0.377819 0.166370 0.184841
1 0.129104 0.342362 0.144669 0.155778
1 0.876217 0.384794 0.194270 0.196466
1 0.669030 0.360091 0.168436 0.169147
1 0.533661 0.326378 0.104368 0.137759
0 0.884484 0.236282 0.105402 0.059870
0 0.941319 0.252558 0.043401 0.023832
0 0.953719 0.239189 0.057868 0.027319
0 0.983169 0.248779 0.029967 0.037201
0 0.781666 0.224948 0.052701 0.032551
0 0.739815 0.227273 0.068201 0.040688
0 0.676264 0.238026 0.100235 0.058707
0 0.616330 0.242967 0.071301 0.039526
0 0.544512 0.206057 0.086802 0.042432
0 0.598763 0.215648 0.050634 0.023250
0 0.451510 0.251686 0.109535 0.047663
0 0.376075 0.229307 0.076468 0.040107
0 0.440143 0.222623 0.057868 0.030226
0 0.315624 0.217973 0.077501 0.037201
0 0.283074 0.241223 0.099202 0.046501
0 0.239673 0.211288 0.062001 0.030807
0 0.153905 0.219426 0.080601 0.048245
0 0.183355 0.205475 0.079568 0.048245
0 0.067620 0.233667 0.083701 0.045338
0 0.029935 0.200825 0.059870 0.041269