0 0.072735 0.452554 0.051177 0.044800
0 0.125524 0.493088 0.045535 0.037689
0 0.363274 0.505888 0.033446 0.036267
0 0.456224 0.463577 0.037476 0.041245
0 0.536012 0.523666 0.025387 0.030578
0 0.694310 0.471754 0.031431 0.041956
0 0.758852 0.501977 0.018939 0.024178
0 0.818491 0.457177 0.044729 0.051200
0 0.872488 0.473532 0.031028 0.029867
1 0.056617 0.602244 0.103562 0.210490
1 0.124113 0.608644 0.069310 0.155023
1 0.314515 0.576644 0.030222 0.085334
1 0.362669 0.595133 0.048356 0.115201
1 0.457366 0.596911 0.065280 0.167112
1 0.690280 0.578422 0.045938 0.142934
1 0.816006 0.617533 0.094294 0.192712