0 0.954023 0.257972 0.091954 0.086156
0 0.815618 0.229748 0.065139 0.039612
0 0.763683 0.240147 0.066900 0.036641
1 0.776887 0.324817 0.089787 0.112894
1 0.664213 0.327293 0.117955 0.135670
1 0.592912 0.375817 0.123237 0.149535
1 0.481999 0.394137 0.190137 0.168350
1 0.373726 0.306991 0.079224 0.097049
1 0.278658 0.317885 0.128518 0.118835
1 0.173907 0.361458 0.151405 0.126758
1 0.090282 0.293622 0.096829 0.092097
0 0.698543 0.232224 0.052816 0.046544
0 0.635164 0.226282 0.066900 0.062389
0 0.573546 0.266389 0.080984 0.059418
0 0.483759 0.267875 0.080984 0.064369
0 0.367565 0.243117 0.049295 0.038622
0 0.255771 0.221826 0.082745 0.063379
0 0.160703 0.259952 0.082745 0.064369
0 0.111408 0.212418 0.086266 0.058427