0 0.932908 0.340463 0.079224 0.053476
0 0.862398 0.366756 0.093484 0.054367
0 0.795851 0.366756 0.064963 0.047237
0 0.696821 0.371212 0.044365 0.031194
0 0.636804 0.352763 0.072500 0.045989
0 0.520945 0.359626 0.047534 0.034759
0 0.433799 0.352941 0.057041 0.042781
0 0.319435 0.381016 0.051268 0.029412
0 0.226743 0.357130 0.043345 0.024421
1 0.937096 0.429234 0.105209 0.124064
1 0.843296 0.461676 0.153377 0.123351
1 0.643018 0.430303 0.117885 0.090553
1 0.540345 0.411765 0.077322 0.069162
1 0.442107 0.419608 0.101406 0.083422
1 0.336898 0.425668 0.065914 0.062745
1 0.244999 0.412834 0.072252 0.072727