0 0.072872 0.113122 0.136893 0.075415
0 0.162487 0.162737 0.090321 0.057156
0 0.211176 0.168294 0.071975 0.050806
0 0.301245 0.220263 0.031437 0.022364
0 0.340079 0.217923 0.057327 0.026005
0 0.408039 0.236126 0.052704 0.029126
0 0.416361 0.211421 0.058251 0.017163
0 0.455195 0.224944 0.058251 0.027565
0 0.501426 0.232746 0.073045 0.030686
0 0.561681 0.228845 0.083216 0.039528
0 0.628562 0.196078 0.114654 0.059292
0 0.791605 0.199459 0.146091 0.060852
0 0.931377 0.248609 0.060101 0.024965
1 0.110464 0.308941 0.220061 0.230925
1 0.342545 0.295158 0.088764 0.096219
1 0.391550 0.307120 0.101709 0.103500
1 0.436240 0.304520 0.081367 0.093098
1 0.487711 0.345868 0.120201 0.144588
1 0.642124 0.350029 0.216362 0.202840
1 0.750613 0.375254 0.275538 0.209601
1 0.957598 0.327751 0.084804 0.163832