0 0.897912 0.089939 0.160885 0.063684
0 0.709716 0.202782 0.040718 0.016759
0 0.646653 0.198872 0.043697 0.021228
0 0.605936 0.215072 0.037738 0.014524
0 0.549328 0.207810 0.037738 0.015642
0 0.523507 0.218144 0.031780 0.013966
0 0.456471 0.211999 0.038732 0.015083
0 0.424195 0.216189 0.031780 0.014524
0 0.318925 0.070387 0.234375 0.109491
0 0.174426 0.127926 0.096332 0.063684
0 0.102757 0.158930 0.065546 0.039663
1 0.853718 0.263672 0.263176 0.232389
1 0.693826 0.268700 0.062566 0.074856
1 0.652115 0.269259 0.054621 0.084911
1 0.611398 0.262834 0.052635 0.074298
1 0.577135 0.268141 0.043697 0.067035
1 0.520196 0.262555 0.049656 0.069270
1 0.545024 0.267583 0.037738 0.063684
1 0.467065 0.255293 0.036745 0.050277
1 0.237158 0.309480 0.454847 0.250265