1 0.050997 0.429467 0.101611 0.115901
1 0.157003 0.390337 0.096161 0.071254
1 0.278592 0.467745 0.165508 0.132106
1 0.391858 0.446421 0.088764 0.102980
1 0.401780 0.410896 0.052003 0.035651
1 0.411531 0.404726 0.068254 0.078157
1 0.429407 0.364733 0.037377 0.025595
1 0.450127 0.369761 0.065817 0.053019
1 0.527081 0.350781 0.032612 0.028943
1 0.652576 0.464650 0.173930 0.138192
1 0.951421 0.494001 0.097158 0.169174
1 0.970263 0.414306 0.059474 0.050548
1 0.896681 0.436115 0.094937 0.098243
1 0.857909 0.409414 0.082617 0.075822
1 0.807180 0.395758 0.075369 0.069708
0 0.969876 0.351596 0.051454 0.028943
0 0.922770 0.357507 0.058701 0.033427
0 0.882912 0.337124 0.055802 0.022013
0 0.810079 0.340589 0.044932 0.018344
0 0.824210 0.326322 0.044207 0.016714
0 0.780728 0.338551 0.028264 0.009376
0 0.762973 0.347519 0.021741 0.011006
0 0.744130 0.331214 0.021741 0.011006
0 0.766596 0.331825 0.018842 0.011414
0 0.732173 0.335698 0.016668 0.010191
0 0.645691 0.346908 0.084791 0.035058
0 0.695333 0.346704 0.052179 0.036281
0 0.585178 0.348539 0.042033 0.016306
0 0.587352 0.336717 0.023191 0.006522
0 0.614166 0.323876 0.018842 0.010191
0 0.658736 0.324487 0.041308 0.011414
0 0.563437 0.329379 0.015944 0.008153
0 0.492778 0.328156 0.019567 0.008968
0 0.522853 0.327952 0.015944 0.007745
0 0.450624 0.328768 0.036235 0.017529
0 0.404605 0.326933 0.041308 0.019567
0 0.367041 0.360157 0.057977 0.027312
0 0.384797 0.337940 0.051454 0.019567
0 0.274158 0.350373 0.077544 0.028943
0 0.329960 0.384004 0.063049 0.037504
0 0.030657 0.332844 0.057252 0.025682
0 0.075951 0.333252 0.031887 0.020790
0 0.069791 0.354246 0.035511 0.022013
0 0.125956 0.334882 0.037685 0.018344
0 0.166901 0.326933 0.042758 0.021198
0 0.205311 0.342424 0.050005 0.021198
0 0.302059 0.335902 0.042033 0.024459
0 0.351339 0.327952 0.021741 0.014268
0 0.327786 0.327341 0.019567 0.013860