1 0.105684 0.479156 0.143264 0.130822
1 0.037774 0.428920 0.070702 0.042909
1 0.229413 0.457701 0.089308 0.092098
1 0.290811 0.463980 0.085586 0.092098
1 0.404306 0.466074 0.104192 0.108844
1 0.505708 0.460841 0.083726 0.094192
1 0.620133 0.465027 0.122798 0.081633
1 0.942942 0.449328 0.091168 0.083726
1 0.833169 0.428397 0.057678 0.046049
2 0.777351 0.457701 0.109774 0.104657
2 0.675950 0.473923 0.085586 0.103611
0 0.942409 0.383616 0.063936 0.023976
0 0.813649 0.382118 0.040848 0.020979
0 0.768361 0.373626 0.071040 0.027972
0 0.703537 0.396104 0.030192 0.020979
0 0.670681 0.392607 0.042624 0.025974
0 0.580993 0.388611 0.033744 0.017982
0 0.619177 0.397602 0.049728 0.035964
0 0.520609 0.379620 0.047952 0.017982
0 0.507289 0.393606 0.060384 0.027972
0 0.460225 0.394605 0.044400 0.021978
0 0.410497 0.371628 0.062160 0.035964
0 0.365209 0.383616 0.053280 0.029970
0 0.319033 0.387612 0.063936 0.031968
0 0.246217 0.389610 0.042624 0.027972
0 0.193825 0.392108 0.055056 0.032967
0 0.161857 0.398601 0.037296 0.021978
0 0.110353 0.367632 0.076368 0.039960
0 0.044641 0.367133 0.069264 0.032967