0 0.222514 0.227319 0.077773 0.054180
0 0.443270 0.221766 0.078970 0.034325
0 0.496814 0.239602 0.117856 0.053170
0 0.660116 0.226900 0.062372 0.030822
0 0.639714 0.261493 0.098513 0.035084
0 0.770870 0.237557 0.081025 0.023936
0 0.788941 0.279527 0.070533 0.035740
0 0.869675 0.243131 0.094432 0.037707
0 0.931755 0.244934 0.047216 0.024264
0 0.930881 0.276739 0.057126 0.030822
1 0.303607 0.321292 0.164008 0.114633
1 0.532458 0.362155 0.180121 0.136074
1 0.645835 0.363139 0.103759 0.117713
1 0.851313 0.396911 0.187116 0.178700
2 0.976224 0.360024 0.047551 0.123287
2 0.432587 0.326281 0.067512 0.099977