2 0.297721 0.475025 0.117216 0.074925
2 0.380305 0.495504 0.229104 0.123876
0 0.501073 0.346154 0.076368 0.032967
0 0.636937 0.316683 0.099456 0.041958
0 0.776353 0.289710 0.161616 0.039960
0 0.492193 0.406593 0.047952 0.043956
0 0.415825 0.423576 0.076368 0.043956
0 0.571225 0.594406 0.152736 0.041958
1 0.684889 0.383117 0.174048 0.104895
1 0.899277 0.346154 0.201446 0.120879
1 0.619177 0.546953 0.177600 0.060939
1 0.208921 0.560440 0.145632 0.065934
1 0.543697 0.464036 0.104784 0.090909
1 0.494857 0.385614 0.113664 0.047952