1 0.429264 0.495439 0.136078 0.147845
1 0.597031 0.489672 0.080156 0.113243
1 0.284797 0.455594 0.104389 0.105903
1 0.170156 0.487050 0.136078 0.124777
0 0.794802 0.393372 0.051855 0.039702
0 0.713418 0.397423 0.047534 0.047804
0 0.675966 0.407146 0.047534 0.042943
0 0.637795 0.407551 0.063379 0.045374
0 0.577297 0.410387 0.074902 0.049425
0 0.415249 0.383649 0.087866 0.067250
0 0.511037 0.420920 0.074902 0.051045
0 0.359792 0.385270 0.054736 0.046184
0 0.300014 0.374737 0.050415 0.046184
0 0.243838 0.371496 0.076343 0.057527
0 0.184060 0.395398 0.083545 0.058337
0 0.124282 0.395803 0.064819 0.047804
0 0.034255 0.402690 0.051855 0.032410