0 0.122868 0.272301 0.027772 0.014544
0 0.050566 0.230554 0.095765 0.035553
0 0.187509 0.247253 0.122579 0.044172
0 0.306098 0.213855 0.115875 0.036630
0 0.415749 0.237287 0.151308 0.058716
0 0.494276 0.269069 0.028729 0.016699
0 0.541201 0.265298 0.034475 0.016699
0 0.596266 0.221935 0.106299 0.040939
0 0.647021 0.271224 0.062247 0.025318
0 0.695382 0.286846 0.059374 0.023163
0 0.767206 0.269069 0.068951 0.029627
0 0.841902 0.296272 0.051713 0.021547
0 0.894573 0.295195 0.034475 0.019392
0 0.941977 0.262874 0.087146 0.030166
0 0.984156 0.296811 0.031688 0.024779
0 0.256418 0.266170 0.031546 0.015970
1 0.063593 0.353636 0.125396 0.157484
1 0.131417 0.396667 0.112777 0.187650
1 0.274163 0.332343 0.156942 0.106024
1 0.357103 0.406427 0.250791 0.211605
1 0.585418 0.337888 0.175869 0.146393
1 0.731975 0.358294 0.118298 0.130423
1 0.820698 0.359181 0.059149 0.071866
1 0.912576 0.358516 0.116720 0.110460
1 0.979553 0.372490 0.040893 0.114453