1 0.154139 0.380125 0.150525 0.139929
1 0.304664 0.402852 0.182214 0.172906
1 0.475787 0.412656 0.163201 0.156863
1 0.068751 0.443850 0.137502 0.231729
2 0.809591 0.477718 0.380818 0.340463
2 0.645326 0.390820 0.134680 0.152406
0 0.882477 0.214795 0.235046 0.140820
0 0.685730 0.289661 0.082393 0.046346
0 0.471034 0.294118 0.090315 0.051693
0 0.303080 0.268717 0.125173 0.065062
0 0.146217 0.277184 0.090315 0.057041
0 0.060037 0.274510 0.120073 0.083779
0 0.374381 0.295009 0.074470 0.048128
0 0.529659 0.307487 0.058625 0.042781