0 0.109345 0.279992 0.049798 0.026575
0 0.162335 0.263114 0.068951 0.038785
0 0.212132 0.278915 0.058736 0.030166
0 0.152120 0.300103 0.091934 0.039503
0 0.392809 0.266705 0.052351 0.031602
0 0.353226 0.269937 0.077889 0.042376
0 0.471336 0.276760 0.104703 0.040221
0 0.386424 0.316622 0.093211 0.043812
0 0.578805 0.319854 0.054905 0.034475
0 0.666058 0.314827 0.052351 0.024420
0 0.713301 0.329910 0.098319 0.045967
0 0.746074 0.305131 0.031922 0.015083
0 0.807364 0.321650 0.090657 0.043812
0 0.875038 0.278556 0.095765 0.040939
0 0.948457 0.292202 0.084273 0.046685
1 0.166192 0.395482 0.181644 0.118231
1 0.313814 0.359234 0.108987 0.108013
1 0.395986 0.436352 0.172994 0.154235
1 0.501080 0.386237 0.151370 0.134774
1 0.603580 0.378452 0.096877 0.083200
1 0.705646 0.470085 0.217973 0.191213
1 0.826166 0.448029 0.145315 0.168832
1 0.904446 0.397428 0.149640 0.157155
1 0.970171 0.394265 0.059658 0.137206