1 0.595065 0.499546 0.131269 0.124577
1 0.523930 0.452933 0.099002 0.123752
1 0.443995 0.412095 0.068201 0.070126
1 0.287426 0.459533 0.151069 0.134477
1 0.113624 0.435782 0.051151 0.101902
1 0.158381 0.430786 0.038363 0.114290
1 0.039740 0.459159 0.071043 0.149457
1 0.057856 0.398218 0.057545 0.059543
1 0.872007 0.500719 0.120063 0.123881
1 0.792084 0.474944 0.071043 0.110694
1 0.718910 0.431985 0.110827 0.105499
0 0.985556 0.382233 0.028888 0.024377
0 0.945892 0.376039 0.051861 0.017583
0 0.902556 0.393622 0.061807 0.027973
0 0.860996 0.380834 0.029838 0.021579
0 0.825474 0.383832 0.051151 0.030770
0 0.722107 0.352861 0.063228 0.031170
0 0.597426 0.382033 0.076726 0.033568
0 0.600979 0.340074 0.049730 0.027174
0 0.536330 0.348266 0.056834 0.031570
0 0.504715 0.357257 0.034811 0.018382
0 0.459958 0.346268 0.046178 0.022778
0 0.309688 0.335145 0.121247 0.049020
0 0.250959 0.351130 0.056834 0.025575
0 0.208807 0.339408 0.061571 0.033035
0 0.177548 0.338342 0.067254 0.021313
0 0.125450 0.349798 0.074832 0.029305
0 0.043987 0.319427 0.082410 0.031436
0 0.016547 0.345535 0.033094 0.033568