0 0.898714 0.242967 0.199781 0.120127
0 0.824313 0.297218 0.095068 0.070526
0 0.745089 0.289855 0.057868 0.032551
0 0.697555 0.280942 0.050979 0.031776
0 0.613509 0.251492 0.133647 0.078276
0 0.470218 0.256142 0.075779 0.041076
0 0.406839 0.294893 0.045467 0.027125
0 0.388928 0.272805 0.045467 0.020150
0 0.343460 0.287918 0.064757 0.036426
0 0.275948 0.280167 0.075779 0.045726
0 0.182946 0.301480 0.057868 0.044951
0 0.088567 0.268155 0.100580 0.057351
0 0.034144 0.244517 0.066134 0.062776
1 0.887701 0.434395 0.224598 0.282880
1 0.630732 0.418120 0.292094 0.219329
1 0.470907 0.349919 0.137780 0.120127
1 0.340705 0.355731 0.100580 0.125552
1 0.249770 0.356894 0.111602 0.123227
1 0.115434 0.364256 0.121247 0.159653
1 0.053584 0.366969 0.107167 0.158878