0 0.721125 0.287013 0.069464 0.034101
0 0.501050 0.260372 0.070096 0.034811
0 0.536098 0.261438 0.042941 0.026996
0 0.398748 0.275646 0.087777 0.036232
0 0.354544 0.263924 0.052414 0.019182
0 0.338756 0.293940 0.044836 0.026641
0 0.193197 0.259662 0.109880 0.035521
0 0.115839 0.266766 0.046099 0.026286
0 0.076371 0.259307 0.051782 0.028417
0 0.053953 0.272982 0.070096 0.030904
0 0.017031 0.234619 0.034061 0.027352
0 0.854034 0.394435 0.000784 0.007496
1 0.923034 0.514201 0.147171 0.437475
1 0.685527 0.379257 0.122044 0.120474
1 0.504255 0.365123 0.125634 0.120474
1 0.369049 0.402813 0.163922 0.152780
1 0.172223 0.375892 0.181870 0.132589
1 0.038812 0.392045 0.070594 0.166240