1 0.745853 0.475156 0.192978 0.186052
1 0.946563 0.398841 0.106874 0.142602
1 0.849959 0.452317 0.123573 0.160428
1 0.640900 0.379345 0.074483 0.079100
1 0.539333 0.389929 0.138808 0.120321
1 0.432688 0.436720 0.162507 0.147059
1 0.353973 0.360406 0.099874 0.099153
1 0.208394 0.406083 0.167586 0.123663
1 0.031498 0.383801 0.060940 0.128119
0 0.973700 0.297401 0.052600 0.056290
0 0.912475 0.287550 0.092658 0.057229
0 0.846189 0.332583 0.091232 0.064734
0 0.750680 0.337743 0.099785 0.069425
0 0.696511 0.323201 0.048467 0.042218
0 0.613832 0.325077 0.062722 0.044094
0 0.512621 0.293649 0.099785 0.069425
0 0.416400 0.326485 0.089807 0.061920
0 0.432080 0.273009 0.052744 0.039403
0 0.382900 0.280045 0.074126 0.062858
0 0.197585 0.312881 0.068424 0.064734
0 0.246052 0.286612 0.054169 0.045971
0 0.203287 0.266442 0.054169 0.045032