1 0.958290 0.402184 0.083420 0.140374
1 0.889842 0.455660 0.116855 0.160428
1 0.786851 0.477384 0.196078 0.183824
1 0.676929 0.380459 0.067340 0.072415
1 0.564035 0.387701 0.134680 0.124777
1 0.469957 0.435049 0.156467 0.134804
1 0.401627 0.364305 0.114874 0.104724
1 0.230306 0.407197 0.164389 0.128119
1 0.054033 0.382130 0.093088 0.118093
0 0.953506 0.291889 0.085561 0.065062
0 0.883789 0.338681 0.079224 0.073084
0 0.792682 0.347594 0.102991 0.081996
0 0.642949 0.324421 0.053872 0.042781
0 0.551050 0.295900 0.101406 0.067736
0 0.459943 0.325312 0.077639 0.060606
0 0.422707 0.276738 0.069717 0.054367
0 0.251584 0.270053 0.079224 0.042781
0 0.229402 0.317291 0.079224 0.053476
0 0.187413 0.287879 0.045950 0.033868
0 0.022628 0.291444 0.036443 0.055258