0 0.031277 0.380089 0.062553 0.034987
0 0.082344 0.379559 0.060315 0.033927
0 0.094595 0.360475 0.032042 0.013783
0 0.136062 0.375848 0.062200 0.024385
0 0.167161 0.368427 0.060315 0.022265
0 0.208157 0.394137 0.055603 0.023855
0 0.248681 0.363126 0.051833 0.019084
0 0.288733 0.386450 0.045236 0.023325
0 0.307582 0.376643 0.050891 0.021735
0 0.345278 0.372933 0.032042 0.014313
0 0.378263 0.381679 0.032042 0.013783
0 0.480516 0.349608 0.136651 0.051421
0 0.541773 0.385390 0.040524 0.024385
0 0.592663 0.383270 0.038639 0.024385
0 0.566276 0.389366 0.031100 0.027036
0 0.631302 0.360475 0.038639 0.016964
0 0.619051 0.376113 0.027330 0.013253
0 0.960548 0.384330 0.078904 0.061493
0 0.961490 0.327873 0.077019 0.042939
0 0.908845 0.345367 0.050891 0.023855
0 0.900834 0.380619 0.061257 0.025445
0 0.846645 0.376378 0.033927 0.023325
0 0.874446 0.373993 0.021676 0.032337
0 0.824027 0.364981 0.037697 0.018554
0 0.804707 0.361270 0.042409 0.018554
0 0.827797 0.313030 0.000000 0.000530
0 0.773608 0.366306 0.036754 0.010602
0 0.777848 0.357294 0.024503 0.008482
1 0.934632 0.549459 0.130736 0.215755
1 0.488055 0.476304 0.181887 0.147901
1 0.046061 0.477364 0.089530 0.121395
1 0.262817 0.431510 0.065027 0.085878