1 0.965817 0.493866 0.068365 0.123729
1 0.818858 0.458215 0.117437 0.098563
1 0.709809 0.438293 0.074563 0.069204
1 0.620333 0.443536 0.104389 0.079690
1 0.497303 0.445109 0.055923 0.055573
1 0.418079 0.435147 0.068971 0.065010
1 0.091864 0.424138 0.162175 0.131068
0 0.978065 0.398639 0.043870 0.042133
0 0.825771 0.380408 0.070581 0.047804
0 0.695412 0.386890 0.043213 0.029979
0 0.611867 0.380408 0.046094 0.044563
0 0.483669 0.402285 0.040332 0.025117
0 0.405166 0.385675 0.044653 0.032410
0 0.113479 0.320045 0.120996 0.077783