1 0.172020 0.533949 0.037166 0.122542
0 0.177987 0.432640 0.030005 0.037612
0 0.550896 0.475509 0.021140 0.041252
0 0.573059 0.487035 0.031369 0.054598
0 0.600848 0.483395 0.033756 0.037612
0 0.633411 0.456096 0.036143 0.043678
0 0.650800 0.475812 0.042280 0.060058
0 0.690694 0.433651 0.048418 0.071584
0 0.735069 0.425461 0.058062 0.066124
0 0.806624 0.415755 0.064785 0.080685
1 0.904028 0.630709 0.071604 0.233558
1 0.823729 0.664074 0.096495 0.319702
1 0.742578 0.630102 0.082174 0.273597
1 0.690069 0.637685 0.066489 0.274203
1 0.656824 0.648605 0.044326 0.230525
1 0.628523 0.644055 0.038189 0.211719
1 0.602951 0.631316 0.047054 0.199586
1 0.573798 0.618576 0.048077 0.193520
0 0.899612 0.468490 0.053191 0.065344