0 0.088180 0.206134 0.169763 0.096244
0 0.211068 0.187819 0.106419 0.048122
0 0.362461 0.179200 0.158361 0.078288
0 0.507520 0.237736 0.139358 0.063205
0 0.674327 0.216907 0.210303 0.103426
0 0.831844 0.227681 0.116554 0.099117
0 0.919259 0.258206 0.035473 0.017956
0 0.434885 0.238095 0.040540 0.020829
0 0.266389 0.234145 0.053209 0.038785
1 0.150891 0.397065 0.292651 0.266466
1 0.237039 0.276401 0.168496 0.046685
1 0.387166 0.365103 0.217905 0.205415
1 0.530958 0.382102 0.120354 0.180995
1 0.695653 0.463861 0.305320 0.313869
1 0.847046 0.429026 0.207770 0.255692
1 0.958996 0.329192 0.082008 0.205415