1 0.866632 0.417558 0.266736 0.211230
1 0.669638 0.350089 0.089998 0.098396
1 0.573935 0.359715 0.144504 0.127629
1 0.421826 0.366132 0.088730 0.100535
1 0.360982 0.371836 0.129293 0.110517
1 0.144227 0.368271 0.182531 0.157576
0 0.881957 0.258467 0.126758 0.072014
0 0.750473 0.287664 0.052451 0.029504
0 0.651034 0.274756 0.065564 0.031963
0 0.579459 0.263077 0.071028 0.035651
0 0.477288 0.305182 0.052451 0.031348
0 0.426476 0.290737 0.049173 0.035651
0 0.367468 0.285820 0.071028 0.040568
0 0.525915 0.295040 0.049173 0.024587
0 0.319967 0.297774 0.037377 0.018739
0 0.258213 0.302116 0.045503 0.040221
0 0.214335 0.278349 0.073129 0.048448
0 0.157457 0.254125 0.113757 0.056675
0 0.035663 0.299602 0.071326 0.040678
0 0.068889 0.276292 0.053628 0.028795