1 0.368233 0.441880 0.330237 0.305845
1 0.612576 0.440473 0.231833 0.203584
1 0.745171 0.375739 0.146772 0.186697
1 0.913625 0.372455 0.103408 0.148232
1 0.067786 0.337344 0.107744 0.095365
0 0.919946 0.271836 0.095068 0.047306
0 0.826097 0.268751 0.073129 0.054847
0 0.761499 0.243041 0.121882 0.063760
0 0.613412 0.283148 0.127977 0.072672
0 0.550642 0.263952 0.068254 0.039764
0 0.323331 0.222474 0.235233 0.125463
0 0.213637 0.231043 0.101162 0.075415
0 0.075910 0.273207 0.069473 0.037707
0 0.152086 0.279035 0.048753 0.030166
0 0.436682 0.256753 0.059722 0.054162
0 0.021196 0.271836 0.042392 0.033594