1 0.909266 0.369613 0.108117 0.139457
1 0.826314 0.418895 0.124894 0.152039
1 0.722857 0.439342 0.193865 0.186642
1 0.603556 0.346545 0.100661 0.082835
1 0.516876 0.357031 0.121166 0.122680
1 0.406895 0.404739 0.124894 0.140505
1 0.332331 0.330817 0.098797 0.093321
1 0.170156 0.372759 0.165904 0.112195
0 0.960528 0.270525 0.076427 0.048233
0 0.882236 0.262661 0.087612 0.055573
0 0.819790 0.301457 0.085748 0.053476
0 0.729381 0.307749 0.095068 0.061864
0 0.595167 0.281535 0.057787 0.036699
0 0.492643 0.262137 0.091340 0.056622
0 0.438584 0.249554 0.068971 0.048233
0 0.356564 0.247457 0.076427 0.054524
0 0.401303 0.298836 0.091340 0.060816
0 0.184137 0.239593 0.074563 0.049282
0 0.159904 0.287302 0.104389 0.069204