1 0.791151 0.367965 0.128267 0.119684
1 0.664394 0.375180 0.095068 0.089975
1 0.581398 0.379000 0.104122 0.106103
1 0.494629 0.384517 0.099595 0.123928
1 0.403333 0.373058 0.155429 0.138358
1 0.203388 0.434174 0.253516 0.204567
0 0.898198 0.297419 0.048121 0.028388
0 0.809585 0.273321 0.063379 0.036971
0 0.686348 0.306331 0.046947 0.025087
0 0.652311 0.316234 0.044600 0.033010
0 0.586585 0.296428 0.072768 0.031689
0 0.480953 0.292467 0.072768 0.043573
0 0.400556 0.268040 0.088026 0.055457
0 0.297859 0.288506 0.093895 0.062058
0 0.202790 0.273321 0.129105 0.079224
0 0.041867 0.275302 0.080984 0.045554