0 0.607755 0.227985 0.027845 0.019724
0 0.569081 0.236106 0.074255 0.042928
0 0.430885 0.173454 0.099006 0.063813
0 0.317956 0.118053 0.157791 0.066713
0 0.249889 0.198399 0.100037 0.034807
0 0.100865 0.105871 0.198012 0.085277
0 0.023000 0.209131 0.040221 0.028426
0 0.700745 0.202943 0.061879 0.030746
0 0.815737 0.141451 0.240296 0.108481
0 0.944738 0.220927 0.110524 0.088757
1 0.822011 0.359090 0.355977 0.261051
1 0.153564 0.328634 0.307127 0.268593
1 0.382585 0.303399 0.229983 0.228565
1 0.515109 0.317902 0.127883 0.187957
1 0.595036 0.352129 0.093850 0.147349