0 0.028602 0.196707 0.057204 0.059075
0 0.124824 0.197650 0.039907 0.018225
0 0.078266 0.220588 0.053209 0.033937
0 0.141452 0.223416 0.117504 0.053419
0 0.212398 0.221845 0.066512 0.031423
0 0.302743 0.221531 0.094225 0.040850
0 0.390871 0.224359 0.079814 0.038964
0 0.482509 0.237557 0.062078 0.032680
0 0.573778 0.229072 0.050992 0.027024
0 0.552716 0.244784 0.057643 0.035822
0 0.521308 0.261438 0.101985 0.047763
0 0.479738 0.295375 0.118612 0.050277
0 0.641398 0.220588 0.093116 0.040221
0 0.715669 0.248240 0.086465 0.038964
0 0.782366 0.239756 0.056535 0.024510
0 0.805645 0.228130 0.047667 0.021368
0 0.856637 0.263952 0.143000 0.075415
0 0.951321 0.220588 0.097358 0.046506
1 0.064401 0.354449 0.128801 0.212322
1 0.184569 0.343891 0.152179 0.154449
1 0.223944 0.272800 0.092584 0.028356
1 0.295777 0.345199 0.136216 0.150226
1 0.473496 0.452589 0.178783 0.200905
1 0.566257 0.387733 0.103226 0.161689
1 0.655117 0.355153 0.155371 0.158069
1 0.754618 0.322273 0.073429 0.058522
1 0.854695 0.432076 0.290609 0.231071