1 0.736086 0.832442 0.351753 0.310160
1 0.905625 0.603387 0.171123 0.158645
1 0.473064 0.685383 0.205981 0.144385
1 0.335215 0.595365 0.171123 0.142602
1 0.221133 0.531194 0.120420 0.135472
1 0.122896 0.518717 0.152109 0.142602
0 0.728527 0.580596 0.205227 0.105254
0 0.524055 0.576352 0.179574 0.084882
0 0.531600 0.530091 0.143357 0.060267
0 0.346745 0.471946 0.144866 0.072999
0 0.364099 0.435871 0.095068 0.048383
0 0.262240 0.426110 0.105631 0.047534
0 0.133973 0.417197 0.099595 0.050081
0 0.118883 0.389186 0.090541 0.038197
0 0.053995 0.386640 0.072433 0.046685
0 0.039659 0.350989 0.070924 0.044988
0 0.938206 0.485952 0.123588 0.070452
0 0.792660 0.446057 0.113177 0.048383
2 0.657603 0.507173 0.187119 0.128172
2 0.526318 0.478737 0.132794 0.100161
0 0.680993 0.407436 0.107140 0.062813
0 0.551972 0.393430 0.099595 0.044988
0 0.447849 0.385366 0.090541 0.049232
0 0.388243 0.373907 0.076960 0.043290
0 0.344481 0.374756 0.082996 0.044988
0 0.228287 0.354809 0.064888 0.035651
0 0.205651 0.337408 0.070924 0.034802
0 0.912628 0.407436 0.093559 0.042441
0 0.836422 0.365419 0.070924 0.038197
0 0.720982 0.345047 0.060361 0.026314
0 0.571589 0.356931 0.069415 0.033104
0 0.459921 0.347594 0.066397 0.031407