0 0.969170 0.322836 0.061660 0.047534
1 0.780347 0.433254 0.171536 0.141612
1 0.541100 0.406021 0.201630 0.142602
1 0.890942 0.389186 0.133918 0.128738
1 0.698341 0.349574 0.091787 0.099030
1 0.571194 0.322836 0.108338 0.053476
1 0.341727 0.371361 0.139937 0.116855
0 0.869877 0.287186 0.109843 0.067340
0 0.833011 0.263914 0.069216 0.042583
0 0.735206 0.270846 0.084263 0.054466
0 0.568937 0.265399 0.067711 0.053476
0 0.514015 0.281739 0.042132 0.042583
0 0.775833 0.324817 0.087273 0.071301
0 0.470379 0.337691 0.090282 0.061398
0 0.322919 0.289166 0.096301 0.063379
2 0.252198 0.334225 0.081254 0.068330
2 0.179972 0.368390 0.144451 0.099030
0 0.209314 0.288671 0.076740 0.046544
0 0.126556 0.288671 0.085768 0.046544