0 0.963241 0.165998 0.073517 0.086898
1 0.928581 0.351493 0.142838 0.215018
1 0.644249 0.371546 0.148544 0.183824
1 0.732385 0.362634 0.102991 0.145945
1 0.503627 0.392157 0.235690 0.189394
1 0.184752 0.342580 0.136661 0.152629
1 0.076810 0.370432 0.138641 0.179367
0 0.875978 0.248997 0.053476 0.032308
0 0.739317 0.245098 0.073282 0.062389
0 0.648210 0.245098 0.101010 0.066845
0 0.507588 0.238414 0.124777 0.073529
0 0.447180 0.235628 0.095068 0.079100
0 0.385782 0.254011 0.055457 0.062389
0 0.291704 0.245098 0.085165 0.064617
0 0.186733 0.230058 0.093088 0.072415
0 0.039179 0.233400 0.075262 0.081328