1 0.851894 0.751885 0.296212 0.496229
1 0.250628 0.509050 0.187699 0.164404
1 0.682336 0.486425 0.160885 0.137255
1 0.570473 0.470007 0.122340 0.102281
1 0.515168 0.431828 0.082118 0.085313
1 0.469920 0.414153 0.072063 0.074472
1 0.423833 0.413446 0.046925 0.080600
1 0.333335 0.395535 0.055304 0.043835
1 0.022459 0.467886 0.041897 0.082956
1 0.039636 0.433714 0.074577 0.106995
1 0.086561 0.445733 0.044411 0.095211
1 0.111699 0.424051 0.047763 0.066931
0 0.019665 0.343923 0.038545 0.027338
0 0.049831 0.364191 0.045249 0.025452
0 0.086701 0.367254 0.045249 0.019325
0 0.100946 0.359006 0.030166 0.016026
0 0.127760 0.352878 0.035194 0.015083
0 0.168400 0.359948 0.022624 0.014140
0 0.195633 0.354764 0.038545 0.015083
0 0.192700 0.380923 0.039383 0.034408
0 0.245910 0.376210 0.102229 0.039121
0 0.335151 0.357356 0.029328 0.012726
0 0.365037 0.357356 0.027652 0.009898
0 0.389338 0.356885 0.025976 0.010841
0 0.419084 0.350522 0.031842 0.016026
0 0.391013 0.369140 0.025976 0.012726
0 0.413638 0.364426 0.020949 0.010841
0 0.439195 0.355942 0.035194 0.016497
0 0.471456 0.347458 0.042735 0.020268
0 0.515029 0.350757 0.025976 0.011784
0 0.506649 0.370082 0.032680 0.023096
0 0.588694 0.389774 0.072753 0.042159
0 0.584997 0.354999 0.018435 0.010841
0 0.542952 0.359582 0.052511 0.025767
0 0.683167 0.374036 0.078208 0.033308
0 0.760816 0.352669 0.023462 0.014454
0 0.789306 0.344813 0.031283 0.017597
0 0.614456 0.348898 0.023462 0.009427
0 0.640711 0.351726 0.020111 0.013826
0 0.628422 0.368380 0.031283 0.016968