0 0.041600 0.215970 0.073253 0.063939
0 0.171687 0.251137 0.323324 0.105854
0 0.318825 0.263924 0.104828 0.085962
0 0.457122 0.216681 0.227337 0.086672
0 0.620678 0.236928 0.155347 0.060386
0 0.752660 0.258596 0.146506 0.052572
0 0.819598 0.231600 0.088409 0.055413
0 0.870749 0.257175 0.077042 0.035521
0 0.951785 0.244889 0.071582 0.045050
0 0.919003 0.258951 0.067533 0.055288
1 0.212329 0.602621 0.410628 0.396419
1 0.461690 0.444373 0.306905 0.255754
1 0.624378 0.412404 0.191816 0.233376
1 0.721707 0.404012 0.110827 0.183024
1 0.866673 0.386600 0.220030 0.183138