2 0.069633 0.421820 0.136752 0.171946
1 0.300235 0.396179 0.249372 0.184012
1 0.459779 0.376571 0.187699 0.165913
1 0.813725 0.412770 0.235964 0.135747
1 0.652456 0.340978 0.061191 0.070387
1 0.596078 0.311199 0.039190 0.018564
0 0.027824 0.284771 0.055003 0.053370
0 0.057732 0.269688 0.061191 0.025525
0 0.108954 0.268335 0.046753 0.020497
0 0.163270 0.283805 0.112757 0.046796
0 0.202230 0.267755 0.064629 0.028619
0 0.285767 0.245324 0.150572 0.054917
0 0.446308 0.258666 0.112757 0.067680
0 0.391992 0.282064 0.027502 0.017790
0 0.522511 0.284578 0.043315 0.044475
0 0.569607 0.273169 0.046753 0.030166
0 0.627017 0.290766 0.047440 0.029779
0 0.793746 0.285545 0.143009 0.060332
1 0.081904 0.326211 0.086699 0.064857
1 0.165028 0.365678 0.097425 0.084465