0 0.934451 0.257111 0.058557 0.035263
0 0.950640 0.232892 0.049601 0.020150
0 0.881406 0.215841 0.061312 0.026350
0 0.870728 0.230954 0.075779 0.024800
0 0.797704 0.224173 0.049601 0.026738
0 0.703669 0.224173 0.123313 0.044563
0 0.626168 0.239092 0.059245 0.056576
0 0.571745 0.210610 0.081290 0.035263
0 0.492866 0.238704 0.112291 0.046501
0 0.216961 0.158878 0.161203 0.072851
0 0.050936 0.235217 0.090935 0.068976
0 0.109837 0.222623 0.048912 0.032938
0 0.127748 0.206929 0.057179 0.037976
0 0.311056 0.234049 0.056236 0.034661
0 0.343960 0.213017 0.063415 0.034325
0 0.317038 0.204267 0.062219 0.034998
1 0.069425 0.375462 0.138849 0.161267
1 0.253781 0.359832 0.275331 0.219523
1 0.490591 0.380435 0.112406 0.158426
1 0.694563 0.390026 0.252597 0.160557
1 0.925586 0.357346 0.148827 0.129298
1 0.853067 0.318983 0.094724 0.099460