3 0.814733 0.385085 0.048568 0.055220
3 0.537795 0.373750 0.094035 0.055801
3 0.350758 0.374622 0.079568 0.042432
3 0.124971 0.375494 0.066134 0.046501
3 0.371942 0.542897 0.231471 0.142990
0 0.871567 0.455708 0.104368 0.048826
0 0.456677 0.443211 0.088868 0.042432
0 0.216939 0.443211 0.095068 0.043595
0 0.037653 0.428970 0.060968 0.047663
0 0.103787 0.535922 0.131236 0.075564
0 0.593596 0.562079 0.158103 0.096489
1 0.831267 0.429551 0.207704 0.066264
1 0.536761 0.419960 0.139502 0.063357
1 0.349208 0.420251 0.136402 0.055801
1 0.131688 0.421995 0.147769 0.061614
1 0.382921 0.759591 0.625178 0.337596