0 0.027039 0.385154 0.054077 0.033398
0 0.091904 0.366300 0.073739 0.033398
0 0.146490 0.359836 0.060332 0.025856
0 0.223740 0.354180 0.048840 0.022086
0 0.192936 0.356335 0.028729 0.017776
0 0.258056 0.368365 0.032560 0.019572
0 0.317430 0.357502 0.028729 0.016160
0 0.282476 0.365043 0.031602 0.014006
0 0.349512 0.355347 0.029687 0.011851
0 0.397394 0.360195 0.027772 0.010774
0 0.379199 0.348075 0.014365 0.009158
0 0.405534 0.350499 0.021068 0.011851
0 0.483103 0.383628 0.076612 0.030705
0 0.476879 0.361542 0.050755 0.016699
0 0.452459 0.352654 0.042137 0.017238
0 0.413674 0.372046 0.025856 0.012928
0 0.513429 0.348883 0.017238 0.007541
0 0.508641 0.355886 0.017238 0.008619
0 0.529230 0.357502 0.016280 0.009696
0 0.572803 0.346459 0.024899 0.008080
0 0.553171 0.357771 0.020111 0.009158
0 0.578070 0.356963 0.025856 0.010774
0 0.611109 0.358310 0.013407 0.007003
0 0.592435 0.374201 0.029687 0.015083
0 0.629304 0.376625 0.038306 0.016699
0 0.663780 0.378780 0.036391 0.016699
0 0.688679 0.385244 0.053628 0.018854
0 0.777261 0.362889 0.071824 0.032321
0 0.867280 0.377433 0.087146 0.037707
0 0.954426 0.364235 0.050755 0.019931
0 0.833283 0.353731 0.042137 0.017238
0 0.706874 0.355886 0.019153 0.010774
0 0.682933 0.359118 0.017238 0.008619
0 0.733209 0.364505 0.025856 0.012928
1 0.036041 0.501329 0.071824 0.141133
1 0.108823 0.483822 0.142690 0.161064
1 0.169633 0.414063 0.095765 0.040939
1 0.218952 0.415410 0.090977 0.070567
1 0.276890 0.420797 0.042137 0.064103
1 0.295564 0.419719 0.022026 0.050097
1 0.316632 0.401943 0.039264 0.047942
1 0.346798 0.396017 0.044052 0.049020
1 0.386062 0.395209 0.026814 0.039862
1 0.481827 0.495673 0.149393 0.137363
1 0.579986 0.404367 0.041179 0.029089
1 0.609194 0.428607 0.059374 0.063564
1 0.687721 0.452040 0.049798 0.081340
1 0.734646 0.451770 0.061289 0.102349
1 0.774867 0.454733 0.088104 0.094268
1 0.863290 0.490017 0.178123 0.147598
1 0.982879 0.457696 0.034242 0.087266
1 0.945169 0.415140 0.094807 0.038785