1 0.975138 0.505924 0.049724 0.063961
1 0.734848 0.752674 0.288374 0.246881
1 0.508269 0.669340 0.202812 0.185383
1 0.919439 0.502228 0.099822 0.082888
1 0.879828 0.459447 0.071301 0.056150
1 0.820410 0.464795 0.069717 0.066845
1 0.746732 0.479947 0.087146 0.072193
1 0.684145 0.448307 0.079224 0.074866
1 0.554219 0.489750 0.117251 0.081105
1 0.383096 0.574421 0.145771 0.148841
1 0.295157 0.553030 0.118835 0.123886
1 0.207219 0.461230 0.076055 0.072193
1 0.120866 0.412210 0.052288 0.054367
1 0.139879 0.426916 0.049119 0.055258
2 0.911789 0.621658 0.176421 0.184492
2 0.474995 0.456328 0.072886 0.081996
0 0.737225 0.557932 0.156863 0.089127
0 0.506684 0.528520 0.120420 0.064171
0 0.971207 0.427807 0.057586 0.028520
0 0.884581 0.410873 0.042781 0.026738
0 0.817241 0.412656 0.047534 0.021390
0 0.770499 0.402852 0.042781 0.021390
0 0.977214 0.396056 0.045572 0.021168
0 0.834944 0.396242 0.030393 0.014112
0 0.743990 0.384080 0.036641 0.016154
0 0.690514 0.389093 0.054466 0.026181
0 0.593465 0.396613 0.038622 0.022282
0 0.555834 0.425858 0.066350 0.032865
0 0.526620 0.411932 0.051495 0.021725
0 0.486250 0.394602 0.049979 0.029647
0 0.388969 0.449254 0.102991 0.052919
0 0.431057 0.394107 0.052486 0.023953
0 0.382532 0.390486 0.044563 0.025624
0 0.359756 0.386586 0.040602 0.023396
0 0.316678 0.456774 0.067340 0.040107
0 0.302814 0.416667 0.073282 0.037879
0 0.213687 0.407475 0.055457 0.022839
0 0.182988 0.394385 0.053476 0.021168
0 0.289445 0.380180 0.046544 0.017268
0 0.927604 0.401070 0.035210 0.018816
0 0.872147 0.394880 0.026408 0.014359
0 0.624354 0.386215 0.036091 0.015845
0 0.537208 0.388691 0.034330 0.018816
0 0.174980 0.376807 0.044013 0.018816
0 0.144611 0.371361 0.030809 0.017825