0 0.082197 0.205128 0.131926 0.054299
0 0.173901 0.228658 0.051483 0.031373
0 0.239864 0.236501 0.063281 0.041026
0 0.317088 0.218703 0.104039 0.052489
0 0.434534 0.135143 0.205933 0.084465
0 0.576828 0.133032 0.115837 0.053695
0 0.650299 0.190649 0.063281 0.060332
0 0.735925 0.245551 0.053628 0.034992
0 0.778828 0.238914 0.047193 0.026546
0 0.874286 0.215988 0.085805 0.041026
0 0.923088 0.263952 0.018234 0.016290
0 0.948293 0.262443 0.027887 0.020513
0 0.982727 0.249472 0.034546 0.023529
1 0.115267 0.373756 0.225239 0.204525
1 0.202145 0.350226 0.137288 0.185219
1 0.480476 0.336249 0.303536 0.235294
1 0.631171 0.317647 0.188772 0.226244
1 0.861416 0.328205 0.163030 0.142383